# 2025-05-19 03:40:37.293197 generated by hodoscope-t0-phc.py using run00344_Hodoscope.root
# 2025-05-19 03:40:33.717130 generated by hodoscope-bht-phc.py using run00344_Hodoscope.root
#CId	PlId	SegId	UorD	Type	nParam	p0	p1	p2
1	0	0	0	1	3	3.5773367770652706	0.09999922199302771	3.747643204939057
1	0	1	0	1	3	0.3509602134651535	0.09997685728802205	0.4446341207128173
1	0	2	0	1	3	2.3612196864056565	0.09999933600638351	2.4466884441487124
1	0	3	0	1	3	3.464144017805537	0.09999999048469821	3.7320606859032712
1	0	4	0	1	3	1.7203211071514162	0.09998906885401973	1.9318945100567175
1	0	5	0	1	3	5.902399283476559	-0.4318969809127596	4.955761819448533
1	0	6	0	1	3	2.72592508980343	0.02714169938018542	2.821034087548745
1	0	7	0	1	3	5.0361476840148365	-0.6041576832238201	4.10260824372785
1	0	8	0	1	3	9.999980288745158	-0.8295686294460888	7.543183346043162
1	0	9	0	1	3	9.999611294196779	-0.7143936700886176	7.806701889835437
1	0	10	0	1	3	2.0245243413214538	0.09999967311511948	2.331747717641836
1	0	11	0	1	3	9.9985786706377	-0.8739076948108477	7.423431254310544
1	0	12	0	1	3	2.5699846237331956	0.09999999606353147	2.7764606503373255
1	0	13	0	1	3	1.5072116763604977	0.09999999644599221	1.5249976949233481
1	0	14	0	1	3	2.5481066058919297	-0.11849192578157908	2.33137638666864
1	0	15	0	1	3	5.126578297163636	-0.2864019631275204	4.433299074149496
1	0	16	0	1	3	3.798036562376276	-0.15888857593193867	3.461275412003667
1	0	17	0	1	3	9.427101725793053	-0.9999959823893498	6.6034039277957275
1	0	18	0	1	3	4.958865510682105	-0.3712320222693806	4.186659482032649
1	0	19	0	1	3	5.0389505402286545	-0.2967798888164348	4.365292459305677
1	0	20	0	1	3	5.239845965933681	-0.32748048672100505	4.463853732674456
1	0	21	0	1	3	4.393477319518676	-0.3021222002007852	3.816510406277333
1	0	22	0	1	3	5.971382400768707	-0.46323267928037	4.878072612538253
1	0	23	0	1	3	6.6571235874233405	-0.5256954816019698	5.323780010857525
1	0	24	0	1	3	9.860042509969789	-0.8888133393809594	7.100441730862705
1	0	25	0	1	3	5.015285796502765	-0.37653558371462065	4.212698539491447
1	0	26	0	1	3	4.462584680012466	-0.3116679196209495	3.8132489595172605
1	0	27	0	1	3	9.489014548198352	-0.905894693712713	6.8075019578849245
1	0	28	0	1	3	9.277781032759089	-0.999982042572114	6.480451080696331
1	0	29	0	1	3	4.169586701189743	-0.2189080724512097	3.695801559502587
1	0	30	0	1	3	5.431985548033973	-0.41473370542728133	4.472327693483554
1	0	31	0	1	3	4.97255843617151	-0.3014828868839896	4.289015698996334
1	0	32	0	1	3	5.242887998152423	-0.3052872093187884	4.492105170331717
1	0	33	0	1	3	3.3046942198444293	0.02200392962208658	3.257423167358956
1	0	34	0	1	3	4.780617898651757	-0.29548679461635624	4.115327988526046
1	0	35	0	1	3	2.9608507036794505	0.02204125547001533	2.8984929034398026
1	0	36	0	1	3	5.066582116592347	-0.2796012496949741	4.3776498326470525
1	0	37	0	1	3	4.393964142680791	-0.1570773283551152	3.9702125813787035
1	0	38	0	1	3	5.0167747688499595	-0.3170036157318634	4.277345466592723
1	0	39	0	1	3	2.84860292969058	-0.026081362871423108	2.7188284273531607
1	0	40	0	1	3	5.355395262863364	-0.3080790948769321	4.582165455174192
1	0	41	0	1	3	4.644475918053811	-0.2604328259807284	4.040213238139789
1	0	42	0	1	3	5.981497584860038	-0.47992662090528676	4.8279187562601535
1	0	43	0	1	3	6.519813127766971	-0.4093016039261607	5.373349074471913
1	0	44	0	1	3	7.531544746410674	-0.5518820364846624	5.932101866277991
1	0	45	0	1	3	2.831976862509373	0.030619343585636546	2.721874542477937
1	0	46	0	1	3	2.6305326016950104	0.01609463146096758	2.4747366125174484
1	0	47	0	1	3	3.5519104437071554	-0.10395947885709426	3.1806913247998456
1	0	48	0	1	3	9.39633052218946	-0.999607162429049	6.569971109651491
1	0	49	0	1	3	9.99995997956505	-0.9999995700522618	7.582464031860974
1	0	50	0	1	3	9.999987773329119	-0.748795727936346	7.657159912376225
1	0	51	0	1	3	2.339728150607364	0.09999922403470377	1.996920614126239
1	0	52	0	1	3	9.999981701562936	-0.9287158688960984	7.100725774789797
1	0	53	0	1	3	1.7108016769512713	0.09999999921198317	2.0983598100889056
1	0	54	0	1	3	9.999691098279673	-0.7223363539859371	7.584135322797128
1	0	55	0	1	3	9.999991365777513	-0.9490609733801497	6.835899263634021
1	0	56	0	1	3	9.998229998463474	-0.8760498318015413	7.587009477577288
1	0	57	0	1	3	9.99936119702613	-0.9768226994361348	7.401878973955218
1	0	58	0	1	3	2.224761380216901	0.0995475583533355	2.501430040925398
1	0	59	0	1	3	8.501968742592952	-0.9999432288829266	5.999610498243196
1	0	60	0	1	3	3.6615319896797773	-0.005695636500924343	4.026698000629474
1	0	61	0	1	3	1.9588754471355432	-0.04803350517316942	1.8311875305485825
1	0	62	0	1	3	4.137683137872382	0.09999999859311841	5.0046809807078825
1	0	0	1	1	3	9.999977298151173	-0.4427730304278818	8.269101704448788
1	0	1	1	1	3	3.338115559539186	0.0999977095941195	3.4805123786285503
1	0	2	1	1	3	9.937333793417325	-0.8816959826286911	7.3969982664786444
1	0	3	1	1	3	3.713886672874881	0.09999999161269629	3.9342486820693514
1	0	4	1	1	3	9.999171082813834	-0.8107499875765094	7.5332839523168955
1	0	5	1	1	3	8.263366692148418	-0.9999993754096829	5.980976032523041
1	0	6	1	1	3	9.999969957971704	-0.663961431031099	7.779643017597422
1	0	7	1	1	3	9.998764965699715	-0.7991566998743268	7.577727044214187
1	0	8	1	1	3	9.999949444912504	-0.7442498306337711	7.608744692957588
1	0	9	1	1	3	9.99999676594344	-0.6287853887027681	8.137105667615314
1	0	10	1	1	3	6.1323064774649465	-0.28135981935179877	5.506123676805674
1	0	11	1	1	3	9.999994908515498	-0.6716236445590934	7.81867923149554
1	0	12	1	1	3	2.3710290600598194	0.08624940060305308	2.5195627310724262
1	0	13	1	1	3	2.684548718784068	-0.14780794228444474	2.4555096900805267
1	0	14	1	1	3	1.8788644154217828	0.0999999548543281	1.9125356356572725
1	0	15	1	1	3	2.3662444751290117	0.09929911116267659	2.418395265561678
1	0	16	1	1	3	5.267174927668343	-0.5402490017263297	4.195642221432137
1	0	17	1	1	3	8.216328933011733	-0.9999999639362747	5.752490333218568
1	0	18	1	1	3	7.9180399329952245	-0.7870769414272569	5.876562611191189
1	0	19	1	1	3	2.3568836916014386	0.09999998024260465	2.426236793327892
1	0	20	1	1	3	9.999926752391199	-0.9660052563891998	7.065570669572589
1	0	21	1	1	3	2.338836842156086	-0.013445091686760474	2.3109225770614286
1	0	22	1	1	3	9.961275225728846	-0.9630736184103531	7.070569544730451
1	0	23	1	1	3	4.3851181942794755	-0.1456558696698011	4.014024927046667
1	0	24	1	1	3	9.999997533743235	-0.9999918495552463	7.029444519286028
1	0	25	1	1	3	9.990374676355048	-0.9682163395757117	7.054124395473262
1	0	26	1	1	3	5.807229950224532	-0.3664699980508913	4.888097392992942
1	0	27	1	1	3	7.243038705967099	-0.6259790126266196	5.610343401989534
1	0	28	1	1	3	9.692858815659719	-0.9999988012047581	6.798461551188355
1	0	29	1	1	3	9.800145914234777	-0.9999963942159807	6.86198194117783
1	0	30	1	1	3	5.340368881129229	-0.25343272539550965	4.687537980955513
1	0	31	1	1	3	2.8969672132884776	0.01183441816651632	2.8495305226229966
1	0	32	1	1	3	9.992248292634166	-0.8957238835367379	7.177211664739695
1	0	33	1	1	3	3.8361258819221793	-0.1516066080465398	3.4830151942720593
1	0	34	1	1	3	4.622148182225921	-0.14645787543524103	4.230971111275703
1	0	35	1	1	3	2.647159256798322	0.09999913543399128	2.701450922195987
1	0	36	1	1	3	4.555993536930904	-0.26358767175333997	3.9579603238835155
1	0	37	1	1	3	1.9308059037927605	0.09999910732326375	1.9368044936646966
1	0	38	1	1	3	9.204371399400351	-0.7931239340601791	6.774762370062019
1	0	39	1	1	3	6.203008996114415	-0.4784543046776787	5.011487421226194
1	0	40	1	1	3	6.297469662354486	-0.4578280950878013	5.127226296701968
1	0	41	1	1	3	5.0789043832546215	-0.3594887702144005	4.248436918703597
1	0	42	1	1	3	4.730667831742894	-0.16348100475845836	4.285613028934966
1	0	43	1	1	3	2.636662298410918	0.09999968462502457	2.6560248992476265
1	0	44	1	1	3	9.270603722739105	-0.9040277024947233	6.6029912247394575
1	0	45	1	1	3	7.760847178441113	-0.7655363796225368	5.672568356767661
1	0	46	1	1	3	9.999999930943966	-0.771939591202198	7.355056652779241
1	0	47	1	1	3	5.7096310169912945	-0.16325587894700394	5.026297474039389
1	0	48	1	1	3	2.299408332769722	0.0999999999037673	2.272255158982344
1	0	49	1	1	3	6.991025104748091	-0.999998786547403	4.884717641132316
1	0	50	1	1	3	9.99993959738788	-0.7394838393189944	7.792682063205368
1	0	51	1	1	3	3.824693456922066	0.09999976982657018	4.268175869877843
1	0	52	1	1	3	9.98984646611561	-0.8800515020493567	7.176368637411767
1	0	53	1	1	3	8.588780910936231	-0.9999491251285608	6.272227710702967
1	0	54	1	1	3	4.678015949376638	-0.2346167770688954	4.315297336339088
1	0	55	1	1	3	9.99986222199364	-0.31717340463172716	9.118247330730236
1	0	56	1	1	3	4.536575632621112	0.0999895155703134	4.842435542849504
1	0	57	1	1	3	5.051401418122068	-0.9999972719406695	3.9330178476675726
1	0	58	1	1	3	9.999731061780665	-0.9286806986043794	7.622709811115413
1	0	59	1	1	3	4.839099651957693	-0.9997570149763509	3.5168040747566844
1	0	60	1	1	3	3.6547610997099262	0.09999726596678933	3.8753246964997174
1	0	61	1	1	3	9.999917887498789	-0.5524468413633027	8.410865172316777
1	0	62	1	1	3	9.99967070088448	-0.20275697891286978	9.381664106926836
2	0	0	0	1	3	1.2989801831660752	0.09999992756669883	1.0034675994382902
2	0	1	0	1	3	1.2546734925957244	0.09999991185476241	1.2578221745823088
2	0	2	0	1	3	2.093707722226263	-0.17141483493877338	1.9009603064696352
2	0	3	0	1	3	1.5480639599473163	0.07195544759466227	1.5474390286760948
2	0	4	0	1	3	1.6422922251977468	-0.04583096689516385	1.5712177376084704
2	0	0	1	1	3	5.249595079514305	-0.9999999292950781	3.56031061608853
2	0	1	1	1	3	1.9228371813152547	0.09999999991827566	1.9182676357456852
2	0	2	1	1	3	2.34685357436348	0.04744028412762312	2.2982237859781462
2	0	3	1	1	3	2.7109194969675694	-0.08601875342093224	2.5488458206326685
2	0	4	1	1	3	2.2601892629082156	-0.1596095037244662	2.0926659383540183
4	0	0	0	1	3	0.00000e+00	0.00000e+00	0.00000e+00
4	0	0	1	1	3	0.00000e+00	0.00000e+00	0.00000e+00
6	0	0	0	1	3	0.00000e+00	0.00000e+00	0.00000e+00
6	0	1	0	1	3	0.00000e+00	0.00000e+00	0.00000e+00
6	0	2	0	1	3	0.00000e+00	0.00000e+00	0.00000e+00
6	0	3	0	1	3	0.00000e+00	0.00000e+00	0.00000e+00
6	0	4	0	1	3	0.00000e+00	0.00000e+00	0.00000e+00
6	0	0	1	1	3	0.00000e+00	0.00000e+00	0.00000e+00
6	0	1	1	1	3	0.00000e+00	0.00000e+00	0.00000e+00
6	0	2	1	1	3	0.00000e+00	0.00000e+00	0.00000e+00
6	0	3	1	1	3	0.00000e+00	0.00000e+00	0.00000e+00
6	0	4	1	1	3	0.00000e+00	0.00000e+00	0.00000e+00
14	0	0	0	1	3	0.00000e+00	0.00000e+00	0.00000e+00
14	0	1	0	1	3	0.00000e+00	0.00000e+00	0.00000e+00
14	0	2	0	1	3	0.00000e+00	0.00000e+00	0.00000e+00
14	0	3	0	1	3	0.00000e+00	0.00000e+00	0.00000e+00
14	0	4	0	1	3	0.00000e+00	0.00000e+00	0.00000e+00
14	0	5	0	1	3	0.00000e+00	0.00000e+00	0.00000e+00
14	0	6	0	1	3	0.00000e+00	0.00000e+00	0.00000e+00
14	0	7	0	1	3	0.00000e+00	0.00000e+00	0.00000e+00
14	0	8	0	1	3	0.00000e+00	0.00000e+00	0.00000e+00
14	0	9	0	1	3	0.00000e+00	0.00000e+00	0.00000e+00
14	0	0	1	1	3	0.00000e+00	0.00000e+00	0.00000e+00
14	0	1	1	1	3	0.00000e+00	0.00000e+00	0.00000e+00
14	0	2	1	1	3	0.00000e+00	0.00000e+00	0.00000e+00
14	0	3	1	1	3	0.00000e+00	0.00000e+00	0.00000e+00
14	0	4	1	1	3	0.00000e+00	0.00000e+00	0.00000e+00
14	0	5	1	1	3	0.00000e+00	0.00000e+00	0.00000e+00
14	0	6	1	1	3	0.00000e+00	0.00000e+00	0.00000e+00
14	0	7	1	1	3	0.00000e+00	0.00000e+00	0.00000e+00
14	0	8	1	1	3	0.00000e+00	0.00000e+00	0.00000e+00
14	0	9	1	1	3	0.00000e+00	0.00000e+00	0.00000e+00
29	0	0	0	1	3	0.00000e+00	0.00000e+00	0.00000e+00
29	0	1	0	1	3	0.00000e+00	0.00000e+00	0.00000e+00
29	0	2	0	1	3	0.00000e+00	0.00000e+00	0.00000e+00
29	0	3	0	1	3	0.00000e+00	0.00000e+00	0.00000e+00
29	0	4	0	1	3	0.00000e+00	0.00000e+00	0.00000e+00
29	0	5	0	1	3	0.00000e+00	0.00000e+00	0.00000e+00
29	0	6	0	1	3	0.00000e+00	0.00000e+00	0.00000e+00
29	0	7	0	1	3	0.00000e+00	0.00000e+00	0.00000e+00
29	0	8	0	1	3	0.00000e+00	0.00000e+00	0.00000e+00
29	0	9	0	1	3	0.00000e+00	0.00000e+00	0.00000e+00
29	0	10	0	1	3	0.00000e+00	0.00000e+00	0.00000e+00
29	0	11	0	1	3	0.00000e+00	0.00000e+00	0.00000e+00
29	0	12	0	1	3	0.00000e+00	0.00000e+00	0.00000e+00
29	0	13	0	1	3	0.00000e+00	0.00000e+00	0.00000e+00
29	0	14	0	1	3	0.00000e+00	0.00000e+00	0.00000e+00
29	0	15	0	1	3	0.00000e+00	0.00000e+00	0.00000e+00
29	0	16	0	1	3	0.00000e+00	0.00000e+00	0.00000e+00
29	0	17	0	1	3	0.00000e+00	0.00000e+00	0.00000e+00
29	0	18	0	1	3	0.00000e+00	0.00000e+00	0.00000e+00
29	0	19	0	1	3	0.00000e+00	0.00000e+00	0.00000e+00
29	0	20	0	1	3	0.00000e+00	0.00000e+00	0.00000e+00
29	0	21	0	1	3	0.00000e+00	0.00000e+00	0.00000e+00
29	0	22	0	1	3	0.00000e+00	0.00000e+00	0.00000e+00
29	0	23	0	1	3	0.00000e+00	0.00000e+00	0.00000e+00
29	0	24	0	1	3	0.00000e+00	0.00000e+00	0.00000e+00
29	0	25	0	1	3	0.00000e+00	0.00000e+00	0.00000e+00
29	0	26	0	1	3	0.00000e+00	0.00000e+00	0.00000e+00
29	0	27	0	1	3	0.00000e+00	0.00000e+00	0.00000e+00
29	0	28	0	1	3	0.00000e+00	0.00000e+00	0.00000e+00
29	0	29	0	1	3	0.00000e+00	0.00000e+00	0.00000e+00
29	0	30	0	1	3	0.00000e+00	0.00000e+00	0.00000e+00
29	0	31	0	1	3	0.00000e+00	0.00000e+00	0.00000e+00
29	0	32	0	1	3	0.00000e+00	0.00000e+00	0.00000e+00
29	0	33	0	1	3	0.00000e+00	0.00000e+00	0.00000e+00
29	0	34	0	1	3	0.00000e+00	0.00000e+00	0.00000e+00
29	0	35	0	1	3	0.00000e+00	0.00000e+00	0.00000e+00
29	0	36	0	1	3	0.00000e+00	0.00000e+00	0.00000e+00
29	0	37	0	1	3	0.00000e+00	0.00000e+00	0.00000e+00
29	0	38	0	1	3	0.00000e+00	0.00000e+00	0.00000e+00
29	0	39	0	1	3	0.00000e+00	0.00000e+00	0.00000e+00
30	0	0	0	1	3	0.00000e+00	0.00000e+00	0.00000e+00
30	0	1	0	1	3	0.00000e+00	0.00000e+00	0.00000e+00
30	0	2	0	1	3	0.00000e+00	0.00000e+00	0.00000e+00
30	0	3	0	1	3	0.00000e+00	0.00000e+00	0.00000e+00
30	0	4	0	1	3	0.00000e+00	0.00000e+00	0.00000e+00
30	0	5	0	1	3	0.00000e+00	0.00000e+00	0.00000e+00
30	0	6	0	1	3	0.00000e+00	0.00000e+00	0.00000e+00
30	0	7	0	1	3	0.00000e+00	0.00000e+00	0.00000e+00
30	0	8	0	1	3	0.00000e+00	0.00000e+00	0.00000e+00
30	0	9	0	1	3	0.00000e+00	0.00000e+00	0.00000e+00
30	0	10	0	1	3	0.00000e+00	0.00000e+00	0.00000e+00
30	0	11	0	1	3	0.00000e+00	0.00000e+00	0.00000e+00
30	0	12	0	1	3	0.00000e+00	0.00000e+00	0.00000e+00
30	0	13	0	1	3	0.00000e+00	0.00000e+00	0.00000e+00
30	0	14	0	1	3	0.00000e+00	0.00000e+00	0.00000e+00
30	0	15	0	1	3	0.00000e+00	0.00000e+00	0.00000e+00
30	0	16	0	1	3	0.00000e+00	0.00000e+00	0.00000e+00
30	0	17	0	1	3	0.00000e+00	0.00000e+00	0.00000e+00
30	0	18	0	1	3	0.00000e+00	0.00000e+00	0.00000e+00
30	0	19	0	1	3	0.00000e+00	0.00000e+00	0.00000e+00
30	0	20	0	1	3	0.00000e+00	0.00000e+00	0.00000e+00
30	0	21	0	1	3	0.00000e+00	0.00000e+00	0.00000e+00
30	0	22	0	1	3	0.00000e+00	0.00000e+00	0.00000e+00
30	0	23	0	1	3	0.00000e+00	0.00000e+00	0.00000e+00
30	0	24	0	1	3	0.00000e+00	0.00000e+00	0.00000e+00
30	0	25	0	1	3	0.00000e+00	0.00000e+00	0.00000e+00
30	0	26	0	1	3	0.00000e+00	0.00000e+00	0.00000e+00
30	0	27	0	1	3	0.00000e+00	0.00000e+00	0.00000e+00
30	0	28	0	1	3	0.00000e+00	0.00000e+00	0.00000e+00
30	0	29	0	1	3	0.00000e+00	0.00000e+00	0.00000e+00
30	0	30	0	1	3	0.00000e+00	0.00000e+00	0.00000e+00
30	0	31	0	1	3	0.00000e+00	0.00000e+00	0.00000e+00
30	0	32	0	1	3	0.00000e+00	0.00000e+00	0.00000e+00
30	0	33	0	1	3	0.00000e+00	0.00000e+00	0.00000e+00
30	0	34	0	1	3	0.00000e+00	0.00000e+00	0.00000e+00
30	0	35	0	1	3	0.00000e+00	0.00000e+00	0.00000e+00
31	0	0	0	1	3	0.00000e+00	0.00000e+00	0.00000e+00
31	0	1	0	1	3	0.00000e+00	0.00000e+00	0.00000e+00
31	0	2	0	1	3	0.00000e+00	0.00000e+00	0.00000e+00
31	0	3	0	1	3	0.00000e+00	0.00000e+00	0.00000e+00
31	0	0	1	1	3	0.00000e+00	0.00000e+00	0.00000e+00
31	0	1	1	1	3	0.00000e+00	0.00000e+00	0.00000e+00
31	0	2	1	1	3	0.00000e+00	0.00000e+00	0.00000e+00
31	0	3	1	1	3	0.00000e+00	0.00000e+00	0.00000e+00
32	0	0	0	1	3	0.00000e+00	0.00000e+00	0.00000e+00
32	0	1	0	1	3	0.00000e+00	0.00000e+00	0.00000e+00
32	0	2	0	1	3	0.00000e+00	0.00000e+00	0.00000e+00
32	0	3	0	1	3	0.00000e+00	0.00000e+00	0.00000e+00
32	0	4	0	1	3	0.00000e+00	0.00000e+00	0.00000e+00
32	0	5	0	1	3	0.00000e+00	0.00000e+00	0.00000e+00
32	0	0	1	1	3	0.00000e+00	0.00000e+00	0.00000e+00
32	0	1	1	1	3	0.00000e+00	0.00000e+00	0.00000e+00
32	0	2	1	1	3	0.00000e+00	0.00000e+00	0.00000e+00
32	0	3	1	1	3	0.00000e+00	0.00000e+00	0.00000e+00
32	0	4	1	1	3	0.00000e+00	0.00000e+00	0.00000e+00
32	0	5	1	1	3	0.00000e+00	0.00000e+00	0.00000e+00
33	0	0	0	1	3	0.00000e+00	0.00000e+00	0.00000e+00
33	0	1	0	1	3	0.00000e+00	0.00000e+00	0.00000e+00
33	0	0	1	1	3	0.00000e+00	0.00000e+00	0.00000e+00
33	0	1	1	1	3	0.00000e+00	0.00000e+00	0.00000e+00
