# 0 origin, modified on 20210824
0 0 0 1
0 1 0 2
0 2 0 8
0 3 0 12
0 4 0 15
0 5 1 1
0 6 1 2
0 7 1 8
0 8 1 12
0 9 1 15
0 10 2 1
0 11 2 2
0 12 2 8
0 13 2 12
0 14 2 15
0 15 3 0
0 16 3 1
0 17 3 6
0 18 3 10
0 19 3 15
0 20 4 0
0 21 4 2
0 22 4 5
0 23 4 9
0 24 4 13
0 25 4 15
0 26 5 0
0 27 5 2
0 28 5 7
0 29 5 12
0 30 5 15
0 31 6 1
0 32 6 2
0 33 6 8
0 34 6 12
0 35 6 15
0 36 7 1
0 37 7 2
0 38 7 8
0 39 7 12
0 40 7 15
0 41 8 1
0 42 8 2
0 43 8 8
0 44 8 12
0 45 8 15
0 46 9 1
0 47 9 2
0 48 9 8
0 49 9 12
0 50 9 15
0 51 10 0
0 52 10 1
0 53 10 6
0 54 10 10
0 55 10 15
0 56 11 0
0 57 11 2
0 58 11 5
0 59 11 9
0 60 11 13
0 61 11 15
0 62 12 0
0 63 12 2
0 64 12 7
0 65 12 12
0 66 12 15
0 67 13 1
0 68 13 2
0 69 13 8
0 70 13 12
0 71 13 15
1 0 0 3
1 1 0 6
1 2 0 9
1 3 0 11
1 4 0 14
1 5 1 3
1 6 1 6
1 7 1 9
1 8 1 11
1 9 1 14
1 10 2 3
1 11 2 6
1 12 2 9
1 13 2 11
1 14 2 14
1 15 3 2
1 16 3 5
1 17 3 8
1 18 3 11
1 19 3 14
1 20 4 1
1 21 4 3
1 22 4 7
1 23 4 10
1 24 4 12
1 25 5 1
1 26 5 3
1 27 5 6
1 28 5 9
1 29 5 11
1 30 5 14
1 31 6 3
1 32 6 6
1 33 6 9
1 34 6 11
1 35 6 14
1 36 7 3
1 37 7 6
1 38 7 9
1 39 7 11
1 40 7 14
1 41 8 3
1 42 8 6
1 43 8 9
1 44 8 11
1 45 8 14
1 46 9 3
1 47 9 6
1 48 9 9
1 49 9 11
1 50 9 14
1 51 10 2
1 52 10 5
1 53 10 8
1 54 10 11
1 55 10 14
1 56 11 1
1 57 11 3
1 58 11 7
1 59 11 10
1 60 11 12
1 61 12 1
1 62 12 3
1 63 12 6
1 64 12 9
1 65 12 11
1 66 12 14
1 67 13 3
1 68 13 6
1 69 13 9
1 70 13 11
1 71 13 14
2 0 0 4
2 1 0 5
2 2 0 7
2 3 0 10
2 4 0 13
2 5 1 4
2 6 1 5
2 7 1 7
2 8 1 10
2 9 1 13
2 10 2 4
2 11 2 5
2 12 2 7
2 13 2 10
2 14 2 13
2 15 3 3
2 16 3 4
2 17 3 7
2 18 3 9
2 19 3 12
2 20 3 13
2 21 4 4
2 22 4 6
2 23 4 8
2 24 4 11
2 25 4 14
2 26 5 4
2 27 5 5
2 28 5 8
2 29 5 10
2 30 5 13
2 31 6 4
2 32 6 5
2 33 6 7
2 34 6 10
2 35 6 13
2 36 7 4
2 37 7 5
2 38 7 7
2 39 7 10
2 40 7 13
2 41 8 4
2 42 8 5
2 43 8 7
2 44 8 10
2 45 8 13
2 46 9 4
2 47 9 5
2 48 9 7
2 49 9 10
2 50 9 13
2 51 10 3
2 52 10 4
2 53 10 7
2 54 10 9
2 55 10 12
2 56 10 13
2 57 11 4
2 58 11 6
2 59 11 8
2 60 11 11
2 61 11 14
2 62 12 4
2 63 12 5
2 64 12 8
2 65 12 10
2 66 12 13
2 67 13 4
2 68 13 5
2 69 13 7
2 70 13 10
2 71 13 13
3 0 14 1
3 1 14 2
3 2 14 3
3 3 14 7
3 4 14 9
3 5 14 12
3 6 14 14
3 7 14 15
3 8 15 1
3 9 15 3
3 10 15 5
3 11 15 8
3 12 15 11
3 13 15 13
3 14 15 15
3 15 16 1
3 16 16 2
3 17 16 3
3 18 16 7
3 19 16 9
3 20 16 12
3 21 16 14
3 22 16 15
3 23 17 1
3 24 17 3
3 25 17 5
3 26 17 8
3 27 17 11
3 28 17 13
3 29 17 15
3 30 18 1
3 31 18 2
3 32 18 3
3 33 18 7
3 34 18 9
3 35 18 12
3 36 18 14
3 37 18 15
3 38 19 1
3 39 19 3
3 40 19 5
3 41 19 8
3 42 19 11
3 43 19 13
3 44 19 15
3 45 20 1
3 46 20 2
3 47 20 3
3 48 20 7
3 49 20 9
3 50 20 12
3 51 20 14
3 52 20 15
3 53 21 1
3 54 21 3
3 55 21 5
3 56 21 8
3 57 21 11
3 58 21 13
3 59 21 15
3 60 22 1
3 61 22 2
3 62 22 3
3 63 22 7
3 64 22 9
3 65 22 12
3 66 22 14
3 67 22 15
3 68 23 1
3 69 23 3
3 70 23 5
3 71 23 8
3 72 23 11
3 73 23 13
3 74 23 15
3 75 24 1
3 76 24 2
3 77 24 3
3 78 24 7
3 79 24 9
3 80 24 12
3 81 24 14
3 82 24 15
3 83 25 1
3 84 25 3
3 85 25 5
3 86 25 8
3 87 25 11
3 88 25 13
3 89 25 15
4 0 14 4
4 1 14 5
4 2 14 6
4 3 14 8
4 4 14 10
4 5 14 11
4 6 14 13
4 7 15 2
4 8 15 4
4 9 15 6
4 10 15 7
4 11 15 9
4 12 15 10
4 13 15 12
4 14 15 14
4 15 16 4
4 16 16 5
4 17 16 6
4 18 16 8
4 19 16 10
4 20 16 11
4 21 16 13
4 22 17 2
4 23 17 4
4 24 17 6
4 25 17 7
4 26 17 9
4 27 17 10
4 28 17 12
4 29 17 14
4 30 18 4
4 31 18 5
4 32 18 6
4 33 18 8
4 34 18 10
4 35 18 11
4 36 18 13
4 37 19 2
4 38 19 4
4 39 19 6
4 40 19 7
4 41 19 9
4 42 19 10
4 43 19 12
4 44 19 14
4 45 20 4
4 46 20 5
4 47 20 6
4 48 20 8
4 49 20 10
4 50 20 11
4 51 20 13
4 52 21 2
4 53 21 4
4 54 21 6
4 55 21 7
4 56 21 9
4 57 21 10
4 58 21 12
4 59 21 14
4 60 22 4
4 61 22 5
4 62 22 6
4 63 22 8
4 64 22 10
4 65 22 11
4 66 22 13
4 67 23 2
4 68 23 4
4 69 23 6
4 70 23 7
4 71 23 9
4 72 23 10
4 73 23 12
4 74 23 14
4 75 24 4
4 76 24 5
4 77 24 6
4 78 24 8
4 79 24 10
4 80 24 11
4 81 24 13
4 82 25 2
4 83 25 4
4 84 25 6
4 85 25 7
4 86 25 9
4 87 25 10
4 88 25 12
4 89 25 14
5 0 26 0
5 1 26 1
5 2 26 2
5 3 26 5
5 4 26 8
5 5 26 12
5 6 26 14
5 7 26 15
5 8 27 1
5 9 27 2
5 10 27 3
5 11 27 6
5 12 27 10
5 13 27 13
5 14 27 14
5 15 27 15
5 16 28 1
5 17 28 2
5 18 28 4
5 19 28 8
5 20 28 12
5 21 28 14
5 22 28 15
5 23 29 0
5 24 29 1
5 25 29 2
5 26 29 5
5 27 29 8
5 28 29 12
5 29 29 14
5 30 29 15
5 31 30 1
5 32 30 2
5 33 30 3
5 34 30 6
5 35 30 10
5 36 30 13
5 37 30 14
5 38 30 15
5 39 31 1
5 40 31 2
5 41 31 4
5 42 31 8
5 43 31 12
5 44 31 14
5 45 31 15
5 46 32 0
5 47 32 1
5 48 32 2
5 49 32 5
5 50 32 8
5 51 32 12
5 52 32 14
5 53 32 15
5 54 33 1
5 55 33 2
5 56 33 3
5 57 33 6
5 58 33 10
5 59 33 13
5 60 33 14
5 61 33 15
5 62 34 1
5 63 34 2
5 64 34 4
5 65 34 8
5 66 34 12
5 67 34 14
5 68 34 15
5 69 35 0
5 70 35 1
5 71 35 2
5 72 35 5
5 73 35 8
5 74 35 12
5 75 35 14
5 76 35 15
5 77 36 1
5 78 36 2
5 79 36 3
5 80 36 6
5 81 36 10
5 82 36 13
5 83 36 14
5 84 36 15
5 85 37 1
5 86 37 2
5 87 37 4
5 88 37 8
5 89 37 12
5 90 37 14
5 91 37 15
5 92 38 0
5 93 38 1
5 94 38 2
5 95 38 5
5 96 38 8
5 97 38 12
5 98 38 14
5 99 38 15
6 0 26 3
6 1 26 4
6 2 26 6
6 3 26 7
6 4 26 9
6 5 26 10
6 6 26 11
6 7 26 13
6 8 27 4
6 9 27 5
6 10 27 7
6 11 27 8
6 12 27 9
6 13 27 11
6 14 27 12
6 15 28 3
6 16 28 5
6 17 28 6
6 18 28 7
6 19 28 9
6 20 28 10
6 21 28 11
6 22 28 13
6 23 29 3
6 24 29 4
6 25 29 6
6 26 29 7
6 27 29 9
6 28 29 10
6 29 29 11
6 30 29 13
6 31 30 4
6 32 30 5
6 33 30 7
6 34 30 8
6 35 30 9
6 36 30 11
6 37 30 12
6 38 31 3
6 39 31 5
6 40 31 6
6 41 31 7
6 42 31 9
6 43 31 10
6 44 31 11
6 45 31 13
6 46 32 3
6 47 32 4
6 48 32 6
6 49 32 7
6 50 32 9
6 51 32 10
6 52 32 11
6 53 32 13
6 54 33 4
6 55 33 5
6 56 33 7
6 57 33 8
6 58 33 9
6 59 33 11
6 60 33 12
6 61 34 3
6 62 34 5
6 63 34 6
6 64 34 7
6 65 34 9
6 66 34 10
6 67 34 11
6 68 34 13
6 69 35 3
6 70 35 4
6 71 35 6
6 72 35 7
6 73 35 9
6 74 35 10
6 75 35 11
6 76 35 13
6 77 36 4
6 78 36 5
6 79 36 7
6 80 36 8
6 81 36 9
6 82 36 11
6 83 36 12
6 84 37 3
6 85 37 5
6 86 37 6
6 87 37 7
6 88 37 9
6 89 37 10
6 90 37 11
6 91 37 13
6 92 38 3
6 93 38 4
6 94 38 6
6 95 38 7
6 96 38 9
6 97 38 10
6 98 38 11
6 99 38 13
7 0 39 0
7 1 39 1
7 2 39 2
7 3 39 5
7 4 39 8
7 5 39 13
7 6 39 14
7 7 39 15
7 8 40 0
7 9 40 1
7 10 40 2
7 11 40 5
7 12 40 8
7 13 40 13
7 14 40 14
7 15 40 15
7 16 41 0
7 17 41 1
7 18 41 2
7 19 41 5
7 20 41 8
7 21 41 13
7 22 41 14
7 23 41 15
7 24 42 0
7 25 42 1
7 26 42 2
7 27 42 5
7 28 42 8
7 29 42 13
7 30 42 14
7 31 42 15
7 32 43 0
7 33 43 1
7 34 43 2
7 35 43 5
7 36 43 8
7 37 43 13
7 38 43 14
7 39 43 15
7 40 44 0
7 41 44 1
7 42 44 2
7 43 44 5
7 44 44 8
7 45 44 13
7 46 44 14
7 47 44 15
7 48 45 0
7 49 45 1
7 50 45 2
7 51 45 5
7 52 45 8
7 53 45 13
7 54 45 14
7 55 45 15
7 56 46 0
7 57 46 1
7 58 46 2
7 59 46 5
7 60 46 8
7 61 46 13
7 62 46 14
7 63 46 15
7 64 47 0
7 65 47 1
7 66 47 2
7 67 47 5
7 68 47 8
7 69 47 13
7 70 47 14
7 71 47 15
7 72 48 0
7 73 48 1
7 74 48 2
7 75 48 5
7 76 48 8
7 77 48 13
7 78 48 14
7 79 48 15
7 80 49 0
7 81 49 1
7 82 49 2
7 83 49 5
7 84 49 8
7 85 49 13
7 86 49 14
7 87 49 15
7 88 50 0
7 89 50 1
7 90 50 2
7 91 50 5
7 92 50 8
7 93 50 13
7 94 50 14
7 95 50 15
7 96 51 0
7 97 51 1
7 98 51 2
7 99 51 5
7 100 51 8
7 101 51 13
7 102 51 14
7 103 51 15
7 104 52 0
7 105 52 1
7 106 52 2
7 107 52 5
7 108 52 8
7 109 52 13
7 110 52 14
7 111 52 15
7 112 53 0
7 113 53 1
7 114 53 2
7 115 53 5
7 116 53 8
7 117 53 13
7 118 53 14
7 119 53 15
8 0 39 3
8 1 39 4
8 2 39 6
8 3 39 7
8 4 39 9
8 5 39 10
8 6 39 11
8 7 39 12
8 8 40 3
8 9 40 4
8 10 40 6
8 11 40 7
8 12 40 9
8 13 40 10
8 14 40 11
8 15 40 12
8 16 41 3
8 17 41 4
8 18 41 6
8 19 41 7
8 20 41 9
8 21 41 10
8 22 41 11
8 23 41 12
8 24 42 3
8 25 42 4
8 26 42 6
8 27 42 7
8 28 42 9
8 29 42 10
8 30 42 11
8 31 42 12
8 32 43 3
8 33 43 4
8 34 43 6
8 35 43 7
8 36 43 9
8 37 43 10
8 38 43 11
8 39 43 12
8 40 44 3
8 41 44 4
8 42 44 6
8 43 44 7
8 44 44 9
8 45 44 10
8 46 44 11
8 47 44 12
8 48 45 3
8 49 45 4
8 50 45 6
8 51 45 7
8 52 45 9
8 53 45 10
8 54 45 11
8 55 45 12
8 56 46 3
8 57 46 4
8 58 46 6
8 59 46 7
8 60 46 9
8 61 46 10
8 62 46 11
8 63 46 12
8 64 47 3
8 65 47 4
8 66 47 6
8 67 47 7
8 68 47 9
8 69 47 10
8 70 47 11
8 71 47 12
8 72 48 3
8 73 48 4
8 74 48 6
8 75 48 7
8 76 48 9
8 77 48 10
8 78 48 11
8 79 48 12
8 80 49 3
8 81 49 4
8 82 49 6
8 83 49 7
8 84 49 9
8 85 49 10
8 86 49 11
8 87 49 12
8 88 50 3
8 89 50 4
8 90 50 6
8 91 50 7
8 92 50 9
8 93 50 10
8 94 50 11
8 95 50 12
8 96 51 3
8 97 51 4
8 98 51 6
8 99 51 7
8 100 51 9
8 101 51 10
8 102 51 11
8 103 51 12
8 104 52 3
8 105 52 4
8 106 52 6
8 107 52 7
8 108 52 9
8 109 52 10
8 110 52 11
8 111 52 12
8 112 53 3
8 113 53 4
8 114 53 6
8 115 53 7
8 116 53 9
8 117 53 10
8 118 53 11
8 119 53 12
9 0 54 1
9 1 54 2
9 2 54 5
9 3 54 9
9 4 54 12
9 5 54 13
9 6 54 14
9 7 54 15
9 8 55 1
9 9 55 3
9 10 55 7
9 11 55 11
9 12 55 12
9 13 55 13
9 14 55 14
9 15 56 1
9 16 56 2
9 17 56 5
9 18 56 9
9 19 56 12
9 20 56 13
9 21 56 14
9 22 56 15
9 23 57 1
9 24 57 3
9 25 57 7
9 26 57 11
9 27 57 12
9 28 57 13
9 29 57 14
9 30 58 1
9 31 58 2
9 32 58 5
9 33 58 9
9 34 58 12
9 35 58 13
9 36 58 14
9 37 58 15
9 38 59 1
9 39 59 3
9 40 59 7
9 41 59 11
9 42 59 12
9 43 59 13
9 44 59 14
9 45 60 1
9 46 60 2
9 47 60 5
9 48 60 9
9 49 60 12
9 50 60 13
9 51 60 14
9 52 60 15
9 53 61 1
9 54 61 3
9 55 61 7
9 56 61 11
9 57 61 12
9 58 61 13
9 59 61 14
9 60 62 1
9 61 62 2
9 62 62 5
9 63 62 9
9 64 62 12
9 65 62 13
9 66 62 14
9 67 62 15
9 68 63 1
9 69 63 3
9 70 63 7
9 71 63 11
9 72 63 12
9 73 63 13
9 74 63 14
9 75 64 1
9 76 64 2
9 77 64 5
9 78 64 9
9 79 64 12
9 80 64 13
9 81 64 14
9 82 64 15
9 83 65 1
9 84 65 3
9 85 65 7
9 86 65 11
9 87 65 12
9 88 65 13
9 89 65 14
9 90 66 1
9 91 66 2
9 92 66 5
9 93 66 9
9 94 66 12
9 95 66 13
9 96 66 14
9 97 66 15
9 98 67 1
9 99 67 3
9 100 67 7
9 101 67 11
9 102 67 12
9 103 67 13
9 104 67 14
9 105 68 1
9 106 68 2
9 107 68 5
9 108 68 9
9 109 68 12
9 110 68 13
9 111 68 14
9 112 68 15
9 113 69 1
9 114 69 3
9 115 69 7
9 116 69 11
9 117 69 12
9 118 69 13
9 119 69 14
9 120 70 1
9 121 70 2
9 122 70 5
9 123 70 9
9 124 70 12
9 125 70 13
9 126 70 14
9 127 70 15
9 128 71 1
9 129 71 3
9 130 71 7
9 131 71 11
9 132 71 12
9 133 71 13
9 134 71 14
9 135 72 1
9 136 72 2
9 137 72 5
9 138 72 9
9 139 72 12
9 140 72 13
9 141 72 14
9 142 72 15
9 143 73 1
9 144 73 3
9 145 73 7
9 146 73 11
9 147 73 12
9 148 73 13
9 149 73 14
10 0 54 3
10 1 54 4
10 2 54 6
10 3 54 7
10 4 54 8
10 5 54 10
10 6 54 11
10 7 55 2
10 8 55 4
10 9 55 5
10 10 55 6
10 11 55 8
10 12 55 9
10 13 55 10
10 14 55 15
10 15 56 3
10 16 56 4
10 17 56 6
10 18 56 7
10 19 56 8
10 20 56 10
10 21 56 11
10 22 57 2
10 23 57 4
10 24 57 5
10 25 57 6
10 26 57 8
10 27 57 9
10 28 57 10
10 29 57 15
10 30 58 3
10 31 58 4
10 32 58 6
10 33 58 7
10 34 58 8
10 35 58 10
10 36 58 11
10 37 59 2
10 38 59 4
10 39 59 5
10 40 59 6
10 41 59 8
10 42 59 9
10 43 59 10
10 44 59 15
10 45 60 3
10 46 60 4
10 47 60 6
10 48 60 7
10 49 60 8
10 50 60 10
10 51 60 11
10 52 61 2
10 53 61 4
10 54 61 5
10 55 61 6
10 56 61 8
10 57 61 9
10 58 61 10
10 59 61 15
10 60 62 3
10 61 62 4
10 62 62 6
10 63 62 7
10 64 62 8
10 65 62 10
10 66 62 11
10 67 63 2
10 68 63 4
10 69 63 5
10 70 63 6
10 71 63 8
10 72 63 9
10 73 63 10
10 74 63 15
10 75 64 3
10 76 64 4
10 77 64 6
10 78 64 7
10 79 64 8
10 80 64 10
10 81 64 11
10 82 65 2
10 83 65 4
10 84 65 5
10 85 65 6
10 86 65 8
10 87 65 9
10 88 65 10
10 89 65 15
10 90 66 3
10 91 66 4
10 92 66 6
10 93 66 7
10 94 66 8
10 95 66 10
10 96 66 11
10 97 67 2
10 98 67 4
10 99 67 5
10 100 67 6
10 101 67 8
10 102 67 9
10 103 67 10
10 104 67 15
10 105 68 3
10 106 68 4
10 107 68 6
10 108 68 7
10 109 68 8
10 110 68 10
10 111 68 11
10 112 69 2
10 113 69 4
10 114 69 5
10 115 69 6
10 116 69 8
10 117 69 9
10 118 69 10
10 119 69 15
10 120 70 3
10 121 70 4
10 122 70 6
10 123 70 7
10 124 70 8
10 125 70 10
10 126 70 11
10 127 71 2
10 128 71 4
10 129 71 5
10 130 71 6
10 131 71 8
10 132 71 9
10 133 71 10
10 134 71 15
10 135 72 3
10 136 72 4
10 137 72 6
10 138 72 7
10 139 72 8
10 140 72 10
10 141 72 11
10 142 73 2
10 143 73 4
10 144 73 5
10 145 73 6
10 146 73 8
10 147 73 9
10 148 73 10
10 149 73 15
11 0 74 0
11 1 74 2
11 2 74 3
11 3 74 4
11 4 74 5
11 5 74 9
11 6 74 13
11 7 74 15
11 8 75 0
11 9 75 2
11 10 75 3
11 11 75 4
11 12 75 5
11 13 75 9
11 14 75 13
11 15 75 15
11 16 76 0
11 17 76 2
11 18 76 3
11 19 76 4
11 20 76 5
11 21 76 9
11 22 76 13
11 23 76 15
11 24 77 0
11 25 77 2
11 26 77 3
11 27 77 4
11 28 77 5
11 29 77 9
11 30 77 13
11 31 77 15
11 32 78 0
11 33 78 2
11 34 78 3
11 35 78 4
11 36 78 5
11 37 78 9
11 38 78 13
11 39 78 15
11 40 79 0
11 41 79 2
11 42 79 3
11 43 79 4
11 44 79 5
11 45 79 9
11 46 79 13
11 47 79 15
11 48 80 0
11 49 80 2
11 50 80 3
11 51 80 4
11 52 80 5
11 53 80 9
11 54 80 13
11 55 80 15
11 56 81 0
11 57 81 2
11 58 81 3
11 59 81 4
11 60 81 5
11 61 81 9
11 62 81 13
11 63 81 15
11 64 82 0
11 65 82 2
11 66 82 3
11 67 82 4
11 68 82 5
11 69 82 9
11 70 82 13
11 71 82 15
11 72 83 0
11 73 83 2
11 74 83 3
11 75 83 4
11 76 83 5
11 77 83 9
11 78 83 13
11 79 83 15
11 80 84 0
11 81 84 2
11 82 84 3
11 83 84 4
11 84 84 5
11 85 84 9
11 86 84 13
11 87 84 15
11 88 85 0
11 89 85 2
11 90 85 3
11 91 85 4
11 92 85 5
11 93 85 9
11 94 85 13
11 95 85 15
11 96 86 0
11 97 86 2
11 98 86 3
11 99 86 4
11 100 86 5
11 101 86 9
11 102 86 13
11 103 86 15
11 104 87 0
11 105 87 2
11 106 87 3
11 107 87 4
11 108 87 5
11 109 87 9
11 110 87 13
11 111 87 15
11 112 88 0
11 113 88 2
11 114 88 3
11 115 88 4
11 116 88 5
11 117 88 9
11 118 88 13
11 119 88 15
11 120 89 0
11 121 89 2
11 122 89 3
11 123 89 4
11 124 89 5
11 125 89 9
11 126 89 13
11 127 89 15
11 128 90 0
11 129 90 2
11 130 90 3
11 131 90 4
11 132 90 5
11 133 90 9
11 134 90 13
11 135 90 15
11 136 91 0
11 137 91 2
11 138 91 3
11 139 91 4
11 140 91 5
11 141 91 9
11 142 91 13
11 143 91 15
11 144 92 0
11 145 92 2
11 146 92 3
11 147 92 4
11 148 92 5
11 149 92 9
11 150 92 13
11 151 92 15
11 152 93 0
11 153 93 2
11 154 93 3
11 155 93 4
11 156 93 5
11 157 93 9
11 158 93 13
11 159 93 15
12 0 74 1
12 1 74 6
12 2 74 7
12 3 74 8
12 4 74 10
12 5 74 11
12 6 74 12
12 7 74 14
12 8 75 1
12 9 75 6
12 10 75 7
12 11 75 8
12 12 75 10
12 13 75 11
12 14 75 12
12 15 75 14
12 16 76 1
12 17 76 6
12 18 76 7
12 19 76 8
12 20 76 10
12 21 76 11
12 22 76 12
12 23 76 14
12 24 77 1
12 25 77 6
12 26 77 7
12 27 77 8
12 28 77 10
12 29 77 11
12 30 77 12
12 31 77 14
12 32 78 1
12 33 78 6
12 34 78 7
12 35 78 8
12 36 78 10
12 37 78 11
12 38 78 12
12 39 78 14
12 40 79 1
12 41 79 6
12 42 79 7
12 43 79 8
12 44 79 10
12 45 79 11
12 46 79 12
12 47 79 14
12 48 80 1
12 49 80 6
12 50 80 7
12 51 80 8
12 52 80 10
12 53 80 11
12 54 80 12
12 55 80 14
12 56 81 1
12 57 81 6
12 58 81 7
12 59 81 8
12 60 81 10
12 61 81 11
12 62 81 12
12 63 81 14
12 64 82 1
12 65 82 6
12 66 82 7
12 67 82 8
12 68 82 10
12 69 82 11
12 70 82 12
12 71 82 14
12 72 83 1
12 73 83 6
12 74 83 7
12 75 83 8
12 76 83 10
12 77 83 11
12 78 83 12
12 79 83 14
12 80 84 1
12 81 84 6
12 82 84 7
12 83 84 8
12 84 84 10
12 85 84 11
12 86 84 12
12 87 84 14
12 88 85 1
12 89 85 6
12 90 85 7
12 91 85 8
12 92 85 10
12 93 85 11
12 94 85 12
12 95 85 14
12 96 86 1
12 97 86 6
12 98 86 7
12 99 86 8
12 100 86 10
12 101 86 11
12 102 86 12
12 103 86 14
12 104 87 1
12 105 87 6
12 106 87 7
12 107 87 8
12 108 87 10
12 109 87 11
12 110 87 12
12 111 87 14
12 112 88 1
12 113 88 6
12 114 88 7
12 115 88 8
12 116 88 10
12 117 88 11
12 118 88 12
12 119 88 14
12 120 89 1
12 121 89 6
12 122 89 7
12 123 89 8
12 124 89 10
12 125 89 11
12 126 89 12
12 127 89 14
12 128 90 1
12 129 90 6
12 130 90 7
12 131 90 8
12 132 90 10
12 133 90 11
12 134 90 12
12 135 90 14
12 136 91 1
12 137 91 6
12 138 91 7
12 139 91 8
12 140 91 10
12 141 91 11
12 142 91 12
12 143 91 14
12 144 92 1
12 145 92 6
12 146 92 7
12 147 92 8
12 148 92 10
12 149 92 11
12 150 92 12
12 151 92 14
12 152 93 1
12 153 93 6
12 154 93 7
12 155 93 8
12 156 93 10
12 157 93 11
12 158 93 12
12 159 93 14
13 0 94 1
13 1 94 2
13 2 94 3
13 3 94 7
13 4 94 9
13 5 94 13
13 6 94 14
13 7 94 15
13 8 95 1
13 9 95 3
13 10 95 4
13 11 95 8
13 12 95 12
13 13 95 13
13 14 95 15
13 15 96 1
13 16 96 2
13 17 96 3
13 18 96 7
13 19 96 9
13 20 96 13
13 21 96 14
13 22 96 15
13 23 97 1
13 24 97 3
13 25 97 4
13 26 97 8
13 27 97 12
13 28 97 13
13 29 97 15
13 30 98 1
13 31 98 2
13 32 98 3
13 33 98 7
13 34 98 9
13 35 98 13
13 36 98 14
13 37 98 15
13 38 99 1
13 39 99 3
13 40 99 4
13 41 99 8
13 42 99 12
13 43 99 13
13 44 99 15
13 45 100 1
13 46 100 2
13 47 100 3
13 48 100 7
13 49 100 9
13 50 100 13
13 51 100 14
13 52 100 15
13 53 101 1
13 54 101 3
13 55 101 4
13 56 101 8
13 57 101 12
13 58 101 13
13 59 101 15
13 60 102 1
13 61 102 2
13 62 102 3
13 63 102 7
13 64 102 9
13 65 102 13
13 66 102 14
13 67 102 15
13 68 103 1
13 69 103 3
13 70 103 4
13 71 103 8
13 72 103 12
13 73 103 13
13 74 103 15
13 75 104 1
13 76 104 2
13 77 104 3
13 78 104 7
13 79 104 9
13 80 104 13
13 81 104 14
13 82 104 15
13 83 105 1
13 84 105 3
13 85 105 4
13 86 105 8
13 87 105 12
13 88 105 13
13 89 105 15
13 90 106 1
13 91 106 2
13 92 106 3
13 93 106 7
13 94 106 9
13 95 106 13
13 96 106 14
13 97 106 15
13 98 107 1
13 99 107 3
13 100 107 4
13 101 107 8
13 102 107 12
13 103 107 13
13 104 107 15
13 105 108 1
13 106 108 2
13 107 108 3
13 108 108 7
13 109 108 9
13 110 108 13
13 111 108 14
13 112 108 15
13 113 109 1
13 114 109 3
13 115 109 4
13 116 109 8
13 117 109 12
13 118 109 13
13 119 109 15
13 120 110 1
13 121 110 2
13 122 110 3
13 123 110 7
13 124 110 9
13 125 110 13
13 126 110 14
13 127 110 15
13 128 111 1
13 129 111 3
13 130 111 4
13 131 111 8
13 132 111 12
13 133 111 13
13 134 111 15
13 135 112 1
13 136 112 2
13 137 112 3
13 138 112 7
13 139 112 9
13 140 112 13
13 141 112 14
13 142 112 15
13 143 113 1
13 144 113 3
13 145 113 4
13 146 113 8
13 147 113 12
13 148 113 13
13 149 113 15
13 150 114 1
13 151 114 2
13 152 114 3
13 153 114 7
13 154 114 9
13 155 114 13
13 156 114 14
13 157 114 15
13 158 115 1
13 159 115 3
13 160 115 4
13 161 115 8
13 162 115 12
13 163 115 13
13 164 115 15
13 165 116 1
13 166 116 2
13 167 116 3
13 168 116 7
13 169 116 9
13 170 116 13
13 171 116 14
13 172 116 15
13 173 117 1
13 174 117 3
13 175 117 4
13 176 117 8
13 177 117 12
13 178 117 13
13 179 117 15
14 0 94 4
14 1 94 5
14 2 94 6
14 3 94 8
14 4 94 10
14 5 94 11
14 6 94 12
14 7 95 2
14 8 95 5
14 9 95 6
14 10 95 7
14 11 95 9
14 12 95 10
14 13 95 11
14 14 95 14
14 15 96 4
14 16 96 5
14 17 96 6
14 18 96 8
14 19 96 10
14 20 96 11
14 21 96 12
14 22 97 2
14 23 97 5
14 24 97 6
14 25 97 7
14 26 97 9
14 27 97 10
14 28 97 11
14 29 97 14
14 30 98 4
14 31 98 5
14 32 98 6
14 33 98 8
14 34 98 10
14 35 98 11
14 36 98 12
14 37 99 2
14 38 99 5
14 39 99 6
14 40 99 7
14 41 99 9
14 42 99 10
14 43 99 11
14 44 99 14
14 45 100 4
14 46 100 5
14 47 100 6
14 48 100 8
14 49 100 10
14 50 100 11
14 51 100 12
14 52 101 2
14 53 101 5
14 54 101 6
14 55 101 7
14 56 101 9
14 57 101 10
14 58 101 11
14 59 101 14
14 60 102 4
14 61 102 5
14 62 102 6
14 63 102 8
14 64 102 10
14 65 102 11
14 66 102 12
14 67 103 2
14 68 103 5
14 69 103 6
14 70 103 7
14 71 103 9
14 72 103 10
14 73 103 11
14 74 103 14
14 75 104 4
14 76 104 5
14 77 104 6
14 78 104 8
14 79 104 10
14 80 104 11
14 81 104 12
14 82 105 2
14 83 105 5
14 84 105 6
14 85 105 7
14 86 105 9
14 87 105 10
14 88 105 11
14 89 105 14
14 90 106 4
14 91 106 5
14 92 106 6
14 93 106 8
14 94 106 10
14 95 106 11
14 96 106 12
14 97 107 2
14 98 107 5
14 99 107 6
14 100 107 7
14 101 107 9
14 102 107 10
14 103 107 11
14 104 107 14
14 105 108 4
14 106 108 5
14 107 108 6
14 108 108 8
14 109 108 10
14 110 108 11
14 111 108 12
14 112 109 2
14 113 109 5
14 114 109 6
14 115 109 7
14 116 109 9
14 117 109 10
14 118 109 11
14 119 109 14
14 120 110 4
14 121 110 5
14 122 110 6
14 123 110 8
14 124 110 10
14 125 110 11
14 126 110 12
14 127 111 2
14 128 111 5
14 129 111 6
14 130 111 7
14 131 111 9
14 132 111 10
14 133 111 11
14 134 111 14
14 135 112 4
14 136 112 5
14 137 112 6
14 138 112 8
14 139 112 10
14 140 112 11
14 141 112 12
14 142 113 2
14 143 113 5
14 144 113 6
14 145 113 7
14 146 113 9
14 147 113 10
14 148 113 11
14 149 113 14
14 150 114 4
14 151 114 5
14 152 114 6
14 153 114 8
14 154 114 10
14 155 114 11
14 156 114 12
14 157 115 2
14 158 115 5
14 159 115 6
14 160 115 7
14 161 115 9
14 162 115 10
14 163 115 11
14 164 115 14
14 165 116 4
14 166 116 5
14 167 116 6
14 168 116 8
14 169 116 10
14 170 116 11
14 171 116 12
14 172 117 2
14 173 117 5
14 174 117 6
14 175 117 7
14 176 117 9
14 177 117 10
14 178 117 11
14 179 117 14
