CId	PlId	SegId	AorT	UorD	p0	p1
0	0	0	1	0	1.1054631e+03	-9.3900200e-04
0	0	1	1	0	1.1059374e+03	-9.3900200e-04
0	0	2	1	0	1.1066334e+03	-9.3900200e-04
0	0	3	1	0	1.1066791e+03	-9.3900200e-04
0	0	4	1	0	1.1074589e+03	-9.3900200e-04
0	0	5	1	0	1.1064044e+03	-9.3900200e-04
0	0	6	1	0	1.1062572e+03	-9.3900200e-04
0	0	7	1	0	1.1053833e+03	-9.3900200e-04
0	0	8	1	0	1.1080147e+03	-9.3900200e-04
0	0	9	1	0	1.1077341e+03	-9.3900200e-04
0	0	10	1	0	1.1078673e+03	-9.3900200e-04
0	0	11	1	0	1.1073496e+03	-9.3900200e-04
0	0	12	1	0	1.1075512e+03	-9.3900200e-04
0	0	13	1	0	1.1070678e+03	-9.3900200e-04
0	0	14	1	0	1.1076551e+03	-9.3900200e-04
0	0	15	1	0	1.1062143e+03	-9.3900200e-04
0	0	16	1	0	1.1061948e+03	-9.3900200e-04
0	0	17	1	0	1.1058844e+03	-9.3900200e-04
0	0	18	1	0	1.1063817e+03	-9.3900200e-04
0	0	19	1	0	1.1061286e+03	-9.3900200e-04
0	0	20	1	0	1.1070148e+03	-9.3900200e-04
0	0	21	1	0	1.1061267e+03	-9.3900200e-04
0	0	22	1	0	1.1061299e+03	-9.3900200e-04
0	0	23	1	0	1.1052414e+03	-9.3900200e-04
0	0	24	1	0	1.1078223e+03	-9.3900200e-04
0	0	25	1	0	1.1072134e+03	-9.3900200e-04
0	0	26	1	0	1.1074436e+03	-9.3900200e-04
0	0	27	1	0	1.1061733e+03	-9.3900200e-04
0	0	28	1	0	1.1073791e+03	-9.3900200e-04
0	0	29	1	0	1.1067491e+03	-9.3900200e-04
0	0	30	1	0	1.1069084e+03	-9.3900200e-04
0	0	31	1	0	1.1055785e+03	-9.3900200e-04
0	0	32	1	0	1.1061267e+03	-9.3900200e-04
0	0	33	1	0	1.1066842e+03	-9.3900200e-04
0	0	34	1	0	1.1062252e+03	-9.3900200e-04
0	0	35	1	0	1.1062052e+03	-9.3900200e-04
0	0	0	1	1	1.1092231e+03	-9.3900200e-04
0	0	1	1	1	1.1068774e+03	-9.3900200e-04
0	0	2	1	1	1.1085134e+03	-9.3900200e-04
0	0	3	1	1	1.1076191e+03	-9.3900200e-04
0	0	4	1	1	1.1083989e+03	-9.3900200e-04
0	0	5	1	1	1.1064044e+03	-9.3900200e-04
0	0	6	1	1	1.1081372e+03	-9.3900200e-04
0	0	7	1	1	1.1072633e+03	-9.3900200e-04
0	0	8	1	1	1.1089547e+03	-9.3900200e-04
0	0	9	1	1	1.1077341e+03	-9.3900200e-04
0	0	10	1	1	1.1088073e+03	-9.3900200e-04
0	0	11	1	1	1.1073496e+03	-9.3900200e-04
0	0	12	1	1	1.1084912e+03	-9.3900200e-04
0	0	13	1	1	1.1070678e+03	-9.3900200e-04
0	0	14	1	1	1.1076551e+03	-9.3900200e-04
0	0	15	1	1	1.1071543e+03	-9.3900200e-04
0	0	16	1	1	1.1080748e+03	-9.3900200e-04
0	0	17	1	1	1.1068244e+03	-9.3900200e-04
0	0	18	1	1	1.1082617e+03	-9.3900200e-04
0	0	19	1	1	1.1080086e+03	-9.3900200e-04
0	0	20	1	1	1.1079548e+03	-9.3900200e-04
0	0	21	1	1	1.1061267e+03	-9.3900200e-04
0	0	22	1	1	1.1080099e+03	-9.3900200e-04
0	0	23	1	1	1.1071214e+03	-9.3900200e-04
0	0	24	1	1	1.1078223e+03	-9.3900200e-04
0	0	25	1	1	1.1072134e+03	-9.3900200e-04
0	0	26	1	1	1.1083836e+03	-9.3900200e-04
0	0	27	1	1	1.1071133e+03	-9.3900200e-04
0	0	28	1	1	1.1073791e+03	-9.3900200e-04
0	0	29	1	1	1.1067491e+03	-9.3900200e-04
0	0	30	1	1	1.1069084e+03	-9.3900200e-04
0	0	31	1	1	1.1065185e+03	-9.3900200e-04
0	0	32	1	1	1.1089467e+03	-9.3900200e-04
0	0	33	1	1	1.1076242e+03	-9.3900200e-04
0	0	34	1	1	1.1081052e+03	-9.3900200e-04
0	0	35	1	1	1.1071452e+03	-9.3900200e-04
0	0	0	0	0	1.0448700e+02	3.3438900e-02
0	0	1	0	0	1.0460100e+02	3.0330600e-02
0	0	2	0	0	1.0806200e+02	2.0755000e-02
0	0	3	0	0	1.2338300e+02	2.2544900e-02
0	0	4	0	0	1.1608300e+02	1.8286300e-02
0	0	5	0	0	1.0454400e+02	2.4957400e-02
0	0	6	0	0	1.1145100e+02	2.4859700e-02
0	0	7	0	0	1.1704400e+02	2.1967500e-02
0	0	8	0	0	1.0591600e+02	2.0751200e-02
0	0	9	0	0	1.0276900e+02	1.7531800e-02
0	0	10	0	0	1.1261800e+02	1.7673000e-02
0	0	11	0	0	1.0794900e+02	2.1267600e-02
0	0	12	0	0	1.1003800e+02	1.9479700e-02
0	0	13	0	0	1.0366800e+02	2.2916900e-02
0	0	14	0	0	1.0090800e+02	1.8276200e-02
0	0	15	0	0	1.2030100e+02	2.1940200e-02
0	0	16	0	0	1.0997800e+02	1.8253000e-02
0	0	17	0	0	1.0739200e+02	2.2676500e-02
0	0	18	0	0	1.2128000e+02	1.8359600e-02
0	0	19	0	0	1.0014500e+02	1.9632500e-02
0	0	20	0	0	1.0373100e+02	2.2515300e-02
0	0	21	0	0	1.0767100e+02	2.5602000e-02
0	0	22	0	0	9.5310600e+01	1.7936200e-02
0	0	23	0	0	1.2342200e+02	2.0643000e-02
0	0	24	0	0	1.1556600e+02	1.8487000e-02
0	0	25	0	0	1.0179400e+02	2.1490800e-02
0	0	26	0	0	1.2179500e+02	2.0842700e-02
0	0	27	0	0	1.0876300e+02	1.8519000e-02
0	0	28	0	0	1.1530600e+02	2.0473400e-02
0	0	29	0	0	1.0284400e+02	2.3227000e-02
0	0	30	0	0	9.8939000e+01	1.8636700e-02
0	0	31	0	0	1.1274900e+02	1.8636700e-02
0	0	32	0	0	1.2624000e+02	1.8273900e-02
0	0	33	0	0	1.6326800e+02	1.8106300e-02
0	0	34	0	0	1.0686200e+02	1.7618000e-02
0	0	35	0	0	1.4576400e+02	2.0226600e-02
0	0	0	0	1	1.3228400e+02	2.2326300e-02
0	0	1	0	1	1.4671300e+02	2.2326300e-02
0	0	2	0	1	1.3803100e+02	2.2810900e-02
0	0	3	0	1	1.4159200e+02	1.8087700e-02
0	0	4	0	1	1.2523200e+02	1.9197100e-02
0	0	5	0	1	1.2522800e+02	2.1727400e-02
0	0	6	0	1	1.4560100e+02	1.8303800e-02
0	0	7	0	1	1.3165800e+02	2.3583200e-02
0	0	8	0	1	1.2072000e+02	2.0893700e-02
0	0	9	0	1	1.1520700e+02	1.5779600e-02
0	0	10	0	1	1.5092000e+02	1.7942300e-02
0	0	11	0	1	1.4815800e+02	1.7299400e-02
0	0	12	0	1	1.3625300e+02	2.3681400e-02
0	0	13	0	1	1.2356400e+02	1.6744700e-02
0	0	14	0	1	1.2987400e+02	1.4384800e-02
0	0	15	0	1	1.0662100e+02	1.8129200e-02
0	0	16	0	1	1.2911600e+02	1.6520700e-02
0	0	17	0	1	1.2309200e+02	1.6343000e-02
0	0	18	0	1	1.1779100e+02	1.5860600e-02
0	0	19	0	1	1.2902900e+02	1.6201300e-02
0	0	20	0	1	1.3385500e+02	1.1571800e-02
0	0	21	0	1	1.2703300e+02	1.7547600e-02
0	0	22	0	1	1.3140500e+02	1.3747800e-02
0	0	23	0	1	1.3573800e+02	1.5058700e-02
0	0	24	0	1	1.2496600e+02	1.3773500e-02
0	0	25	0	1	1.2743800e+02	1.4266500e-02
0	0	26	0	1	1.3318100e+02	1.5412800e-02
0	0	27	0	1	1.4924600e+02	1.6948300e-02
0	0	28	0	1	1.5535600e+02	1.7359700e-02
0	0	29	0	1	1.3271300e+02	1.6459800e-02
0	0	30	0	1	1.3514300e+02	1.5666500e-02
0	0	31	0	1	1.3520300e+02	1.7890600e-02
0	0	32	0	1	1.5741200e+02	1.3252900e-02
0	0	33	0	1	1.3506600e+02	1.8739300e-02
0	0	34	0	1	1.3419600e+02	1.5275900e-02
0	0	35	0	1	1.5274600e+02	2.0598400e-02
