#CId	PlId	WireId	Type	NParam	p0	p1	...
101	0	0	6	6	0	0	0	0
101	1	0	6	6	0	0	0	0
101	2	0	6	6	0	0	0	0
101	3	0	6	6	0	0	0	0
101	4	0	6	6	0	0	0	0
101	5	0	6	6	0	0	0	0
101	6	0	6	6	0	0	0	0
101	7	0	6	6	0	0	0	0
102	0	0	6	6	0	0	0	0
102	1	0	6	6	0	0	0	0
102	2	0	6	6	0	0	0	0
102	3	0	6	6	0	0	0	0
102	4	0	6	6	0	0	0	0
102	5	0	6	6	0	0	0	0
102	6	0	6	6	0	0	0	0
102	7	0	6	6	0	0	0	0
103	0	0	6	6	0	0	0	0
103	1	0	6	6	0	0	0	0
103	2	0	6	6	0	0	0	0
103	3	0	6	6	0	0	0	0
103	4	0	6	6	0	0	0	0
103	5	0	6	6	0	0	0	0
103	6	0	6	6	0	0	0	0
103	7	0	6	6	0	0	0	0
104	0	0	6	6	0	0	0	0
104	1	0	6	6	0	0	0	0
104	2	0	6	6	0	0	0	0
104	3	0	6	6	0	0	0	0
104	4	0	6	6	0	0	0	0
104	5	0	6	6	0	0	0	0
104	6	0	6	6	0	0	0	0
104	7	0	6	6	0	0	0	0
106	0	0	6	6	0	0	0	0
106	1	0	6	6	0	0	0	0
106	2	0	6	6	0	0	0	0
106	3	0	6	6	0	0	0	0
106	4	0	6	6	0	0	0	0
106	5	0	6	6	0	0	0	0
106	6	0	6	6	0	0	0	0
106	7	0	6	6	0	0	0	0
105	0	0	6	6	0	0	0	0
105	1	0	6	6	0	0	0	0
105	2	0	6	6	0	0	0	0
105	3	0	6	6	0	0	0	0
105	4	0	6	6	0	0	0	0
105	5	0	6	6	0	0	0	0
105	6	0	6	6	0	0	0	0
105	7	0	6	6	0	0	0	0
