CId	PlId	SegId	UorD	Type	nParam	p0	p1	p2
#  PbF2
#######################################################################
30	0	0	0	6	1	3.501022e-01	0.000000e+00	0.000000e+00
30	0	1	0	6	1	1.534506e-01	0.000000e+00	0.000000e+00
30	0	2	0	6	1	4.598910e-01	0.000000e+00	0.000000e+00
30	0	3	0	6	1	4.478142e-01	0.000000e+00	0.000000e+00
30	0	4	0	6	1	2.835612e-01	0.000000e+00	0.000000e+00
30	0	5	0	6	1	3.707758e-01	0.000000e+00	0.000000e+00
30	0	6	0	6	1	1.409341e-01	0.000000e+00	0.000000e+00
30	0	7	0	6	1	0.000000e+00	0.000000e+00	0.000000e+00
30	0	8	0	6	1	3.269529e-01	0.000000e+00	0.000000e+00
30	0	9	0	6	1	5.562731e-01	0.000000e+00	0.000000e+00
30	0	10	0	6	1	3.910998e-01	0.000000e+00	0.000000e+00
30	0	11	0	6	1	3.140864e-01	0.000000e+00	0.000000e+00
30	0	12	0	6	1	3.720505e-01	0.000000e+00	0.000000e+00
30	0	13	0	6	1	3.206095e-01	0.000000e+00	0.000000e+00
30	0	14	0	6	1	1.545352e-01	0.000000e+00	0.000000e+00
30	0	15	0	6	1	2.965705e-01	0.000000e+00	0.000000e+00
30	0	16	0	6	1	2.776206e-01	0.000000e+00	0.000000e+00
30	0	17	0	6	1	3.716361e-01	0.000000e+00	0.000000e+00
30	0	18	0	6	1	3.238683e-01	0.000000e+00	0.000000e+00
30	0	19	0	6	1	3.462686e-01	0.000000e+00	0.000000e+00
30	0	20	0	6	1	2.233141e-01	0.000000e+00	0.000000e+00
30	0	21	0	6	1	1.882182e-01	0.000000e+00	0.000000e+00
30	0	22	0	6	1	3.382238e-01	0.000000e+00	0.000000e+00
30	0	23	0	6	1	3.294766e-01	0.000000e+00	0.000000e+00
30	0	24	0	6	1	2.074948e-01	0.000000e+00	0.000000e+00
30	0	25	0	6	1	1.675517e-01	0.000000e+00	0.000000e+00
30	0	26	0	6	1	4.412289e-01	0.000000e+00	0.000000e+00
30	0	27	0	6	1	4.572294e-01	0.000000e+00	0.000000e+00
30	0	28	0	6	1	2.316322e-01	0.000000e+00	0.000000e+00
30	0	29	0	6	1	5.711439e-01	0.000000e+00	0.000000e+00
30	0	30	0	6	1	4.506279e-01	0.000000e+00	0.000000e+00
30	0	31	0	6	1	5.662886e-01	0.000000e+00	0.000000e+00
30	0	32	0	6	1	8.612162e-01	0.000000e+00	0.000000e+00
30	0	33	0	6	1	1.981321e-01	0.000000e+00	0.000000e+00
30	0	34	0	6	1	4.199250e-01	0.000000e+00	0.000000e+00
30	0	35	0	6	1	3.084071e-01	0.000000e+00	0.000000e+00
30	0	36	0	6	1	4.855212e-01	0.000000e+00	0.000000e+00
30	0	37	0	6	1	3.334349e-01	0.000000e+00	0.000000e+00
30	0	38	0	6	1	2.605971e-01	0.000000e+00	0.000000e+00
30	0	39	0	6	1	7.651553e-01	0.000000e+00	0.000000e+00
#######################################################################
