XTParam: 106  3.6  19
Threshold: 0.0  0.3  2.0  5.0  10.0  17.0  25.0  32.0  40.0  50.0  60.0  68.0  75.0  83.0  90.0  95.0  98.0  99.7  100.0
  106    0    0  -498.41  -416.98  -6.11  2.08  6.36  10.6  15.18  19.37  24.93  33.35  43.83  53.65  63.41  76.19  92.34  144.47  403.26  751.73  1375.2
  106    1    0  -499.12  -421.86  -6.0  2.41  6.38  10.55  15.07  19.24  24.69  33.01  43.47  53.33  63.53  76.61  93.18  149.42  401.25  749.19  1410.23
  106    2    0  -499.12  -416.94  -5.46  2.01  5.99  10.21  14.83  19.17  24.59  32.93  43.5  53.6  63.34  75.45  90.59  133.11  392.46  750.98  1462.37
  106    3    0  -495.12  -411.22  -5.46  2.81  6.78  10.93  15.34  19.4  24.93  33.28  43.65  53.27  63.11  76.11  92.28  140.32  400.42  757.22  1420.25
  106    4    0  -499.12  -414.23  -7.03  1.88  6.05  10.34  14.89  18.99  24.56  33.11  43.67  53.62  63.38  76.1  92.91  150.59  394.84  746.95  1366.9
  106    5    0  -499.37  -418.31  -5.85  2.55  6.43  10.64  15.25  19.43  24.87  33.45  44.04  54.15  63.98  76.47  92.09  140.39  400.4  750.72  1359.48
  106    6    0  -498.31  -416.71  -6.68  2.05  6.03  10.24  14.62  18.82  24.28  32.92  43.25  53.35  63.34  76.27  92.24  135.34  398.09  751.91  1396.11
  106    7    0  -498.37  -415.31  -5.43  2.39  6.52  10.76  15.26  19.52  25.05  33.47  44.1  54.33  64.03  76.38  92.09  139.65  387.47  748.94  1362.17
XTParam: 105  3.0  19
Threshold: 0.0  0.3  2.0  5.0  10.0  17.0  25.0  32.0  40.0  50.0  60.0  68.0  75.0  83.0  90.0  95.0  98.0  99.7  100.0
  105    0    0  -496.19  -202.53  -0.37  2.95  6.33  9.71  13.28  16.29  20.05  25.15  30.95  36.55  41.96  49.5  58.46  80.11  133.15  707.27  1508.6
  105    1    0  -497.19  -178.02  -0.24  3.09  6.46  9.9  13.44  16.55  20.08  25.26  31.25  36.65  41.98  49.63  58.95  85.95  135.56  707.63  1490.14
  105    2    0  -492.65  -189.11  -0.42  3.02  6.33  9.87  13.44  16.43  20.07  25.15  31.03  36.47  41.78  49.0  57.99  78.19  132.61  703.07  1491.52
  105    3    0  -495.19  -178.76  -0.47  2.68  6.01  9.41  12.87  15.87  19.4  24.29  30.26  35.53  40.84  48.29  56.73  74.69  128.89  708.2  1486.15
  105    4    0  -491.19  -200.1  -0.32  2.94  6.14  9.58  13.16  16.14  19.74  24.89  30.95  36.28  41.83  49.01  58.12  80.33  132.46  709.03  1505.79
  105    5    0  -495.19  -179.11  -0.03  3.19  6.47  9.9  13.49  16.55  20.28  25.4  31.36  36.71  42.41  50.01  59.8  83.71  138.57  721.77  1503.41
  105    6    0  -485.34  -186.03  -0.28  3.18  6.35  9.63  13.28  16.31  19.87  25.07  30.97  36.2  41.57  49.02  57.84  79.65  132.13  708.03  1483.47
  105    7    0  -493.95  -178.54  -0.3  2.9  6.1  9.66  13.2  16.25  19.82  24.75  30.59  35.91  41.25  48.55  57.51  78.16  131.13  708.58  1489.99
XTParam: 101  4  19
Threshold: 0.0  0.3  2.0  5.0  10.0  17.0  25.0  32.0  40.0  50.0  60.0  68.0  75.0  83.0  90.0  95.0  98.0  99.7  100.0
  101    0    0  -479.99  -4.15  0.67  3.86  7.55  11.69  16.34  20.95  27.54  38.28  53.31  69.06  85.62  109.57  133.43  158.15  211.15  317.12  1344.63
  101    1    0  -478.48  -3.91  0.89  3.97  7.44  11.51  16.14  20.79  27.12  37.85  52.69  68.2  85.37  109.18  133.86  159.52  216.32  317.93  1126.04
  101    2    0  -460.31  -4.29  0.79  3.97  7.72  11.78  16.31  20.89  27.18  37.62  52.01  67.72  84.79  108.52  133.48  159.98  220.32  322.47  1178.04
  101    3    0  -431.03  -3.23  1.23  4.54  8.01  12.06  16.93  21.77  28.47  39.25  54.56  70.06  86.79  110.88  135.54  160.95  217.39  321.37  1187.17
  101    4    0  -438.49  -4.24  0.63  3.8  7.23  11.44  16.19  20.88  27.49  38.28  54.16  70.06  87.69  112.24  137.12  165.86  226.96  325.74  1399.22
  101    5    0  -478.79  -4.43  0.5  3.63  7.16  11.17  15.87  20.45  26.82  38.15  53.1  68.87  86.66  111.55  137.59  166.15  227.15  334.36  1157.67
  101    6    0  -433.65  -3.94  1.11  4.37  8.01  11.96  16.54  21.12  27.47  38.16  53.0  68.86  86.23  110.41  136.83  164.16  221.67  331.85  1337.09
  101    7    0  -461.6  -4.22  0.92  4.37  7.98  12.12  16.86  21.71  28.49  39.71  55.57  70.81  88.54  112.9  139.13  168.6  232.76  334.75  1140.77
XTParam: 102  4  19
Threshold: 0.0  0.3  2.0  5.0  10.0  17.0  25.0  32.0  40.0  50.0  60.0  68.0  75.0  83.0  90.0  95.0  98.0  99.7  100.0
  102    0    0  -476.83  -3.83  1.0  4.41  7.87  11.94  16.62  21.14  27.47  37.17  50.91  65.28  81.6  103.95  126.55  148.98  193.64  287.24  1302.49
  102    1    0  -461.71  -3.22  1.53  4.81  8.24  12.4  17.04  21.69  28.04  38.26  52.03  66.78  82.53  105.32  127.21  148.55  193.2  294.26  1263.1
  102    2    0  -437.3  -3.45  1.51  4.61  8.21  12.25  16.9  21.45  27.46  37.52  51.14  65.45  81.54  103.51  126.43  148.23  192.28  294.67  1328.1
  102    3    0  -451.58  -3.64  1.32  4.37  7.87  12.02  16.65  21.26  27.71  37.82  51.61  65.63  81.07  103.51  125.75  148.47  195.23  297.74  1349.1
  102    4    0  -478.73  -4.29  0.64  3.89  7.42  11.49  16.12  20.62  26.7  36.67  50.33  64.59  80.01  101.91  125.56  146.85  193.38  288.01  1306.89
  102    5    0  -448.87  -3.92  0.84  4.15  7.63  11.7  16.47  21.09  27.43  37.45  51.24  65.78  81.82  103.53  125.53  147.23  192.6  287.42  1258.69
  102    6    0  -438.95  -3.61  1.35  4.6  8.06  12.07  16.82  21.4  27.49  37.25  50.81  65.45  81.01  103.04  125.12  145.94  186.95  281.13  1356.49
  102    7    0  -476.99  -3.32  1.29  4.48  7.96  12.11  16.72  21.34  27.62  37.53  51.1  65.17  80.59  101.93  124.33  145.8  189.42  289.97  1361.84
XTParam: 103  2.5  19
Threshold: 0.0  0.3  2.0  5.0  10.0  17.0  25.0  32.0  40.0  50.0  60.0  68.0  75.0  83.0  90.0  95.0  98.0  99.7  100.0
  103    0    0  -482.14  -5.54  -0.76  2.0  4.79  7.69  10.56  12.94  15.81  19.87  24.42  28.68  32.94  38.59  45.61  55.08  69.43  155.2  1325.68
  103    1    0  -480.25  -5.07  -0.19  2.69  5.44  8.3  11.24  13.69  16.61  20.48  25.05  29.24  33.47  39.11  45.77  54.67  67.69  100.64  1306.37
  103    2    0  -476.49  -6.41  -1.37  1.69  4.56  7.73  10.69  13.09  16.06  20.07  24.62  28.85  33.09  39.08  46.25  56.16  71.32  124.85  1305.31
  103    3    0  -472.55  -4.59  -0.19  2.69  5.36  8.33  11.26  13.73  16.6  20.57  25.21  29.37  33.59  39.29  46.19  55.29  68.42  102.93  1366.1
  103    4    0  -482.61  -4.53  -0.03  2.6  5.39  8.22  11.16  13.56  16.4  20.48  25.0  29.43  33.63  39.49  46.76  56.84  73.67  175.19  1322.36
  103    5    0  -473.54  -4.47  0.03  2.82  5.61  8.55  11.41  13.89  16.88  20.84  25.35  29.67  33.89  39.51  46.3  55.06  68.38  104.12  1302.97
  103    6    0  -476.37  -5.4  -0.78  2.15  4.8  7.74  10.6  13.02  15.95  19.9  24.39  28.82  33.19  38.99  46.19  55.65  70.32  117.85  1307.26
  103    7    0  -478.43  -4.3  0.23  3.04  5.68  8.62  11.53  13.99  16.95  20.91  25.49  29.73  34.05  39.76  46.72  55.4  68.68  100.47  1324.02
XTParam: 104  2.5  19
Threshold: 0.0  0.3  2.0  5.0  10.0  17.0  25.0  32.0  40.0  50.0  60.0  68.0  75.0  83.0  90.0  95.0  98.0  99.7  100.0
  104    0    0  -462.57  -5.03  -0.68  2.16  4.9  7.79  10.65  13.1  15.98  19.93  24.7  29.16  33.63  39.55  46.74  56.16  70.14  99.86  1267.45
  104    1    0  -424.77  -5.03  -0.69  2.11  4.82  7.71  10.63  13.07  15.95  19.89  24.58  29.0  33.45  39.25  46.36  55.5  69.12  98.07  1263.99
  104    2    0  -443.37  -4.29  -0.21  2.63  5.38  8.21  11.08  13.62  16.56  20.62  25.33  29.73  34.14  39.95  47.34  56.99  70.82  102.16  1260.25
  104    3    0  -418.15  -5.29  -0.74  2.08  4.75  7.65  10.47  12.96  15.86  19.87  24.53  28.94  33.41  39.37  46.53  56.34  70.25  98.4  1272.18
  104    4    0  -430.91  -5.08  -0.76  1.98  4.74  7.67  10.53  13.03  16.04  20.04  24.69  28.94  33.36  39.42  46.68  56.49  72.49  125.63  1317.58
  104    5    0  -424.87  -4.18  -0.02  2.75  5.41  8.24  11.12  13.63  16.57  20.54  25.15  29.47  33.82  39.74  46.96  56.2  69.31  99.34  1255.37
  104    6    0  -435.93  -5.08  -0.7  2.09  4.83  7.74  10.57  13.05  15.99  20.06  24.84  29.18  33.46  39.39  46.46  55.56  69.27  97.64  1255.82
  104    7    0  -424.81  -5.36  -0.93  1.98  4.78  7.74  10.59  13.06  15.97  20.03  24.61  29.02  33.34  39.38  46.77  56.29  70.57  99.42  1269.58
