# CID  Seg   X         Y         Z        rotx      roty      rotz        sizex     sizey     sizez     flag   LightV
#            [cm]      [cm]      [cm]     [deg]     [deg]     [deg]       [cm]      [cm]      [cm]             [cm/ns]
  100    -1     0.05        0      0.5      0         0        -0.1        15.2     53.001      360       83.38     220
#  100    -1     0.05        0      0.5      0         0        -0.1        14.9     53.001      360       83.38     220
#  100    -1     0.        0      0.      0         0         0.        15.0     53.0      360       82.88     220
# CID  Layer# nwire  radius    phi0      dphi     tilt     z     SLayer# 
#                       [cm]   [degree]  [degree] [degree] [cm]	  	 
  100     0      72   19.05      2.5      5.0      0.0	   83.38    0	 
  100     1      72   20.40      5.0      5.0      0.0	   83.38    0	 
  100     2      72   21.75      2.5      5.0      0.0	   83.38    0	 
  100     3      90   24.85      2.0      4.0    -12.0	   83.38    0	 
  100     4      90   26.20      4.0      4.0    -12.0	   83.38    0	 
  100     5     100   29.30      1.8      3.6     10.8	   83.38    0	 
  100     6     100   30.65      3.6      3.6     10.8     83.38    0	 
  100     7     120   33.75      1.5      3.0      0.0	   83.38    0	 
  100     8     120   35.10      3.0      3.0      0.0	   83.38    0	 
  100     9     150   38.20      1.2      2.4     -7.2	   83.38    0	 
  100    10     150   39.55      2.4      2.4     -7.2	   83.38    0	 
  100    11     160   42.65      1.125    2.25    6.75	   83.38    0	 
  100    12     160   44.00      2.25     2.25    6.75	   83.38    0	 
  100    13     180   47.1       1.0      2.0      0.0	   83.38    0	 
  100    14     180   48.45      2.0      2.0      0.0	   83.38    0    
