XTParam: 106  3.6  19
Threshold: 0.0  0.3  2.0  5.0  10.0  17.0  25.0  32.0  40.0  50.0  60.0  68.0  75.0  83.0  90.0  95.0  98.0  99.7  100.0
  106    0    0  -234.57  -1.52  2.91  6.14  9.46  13.09  17.13  20.73  25.41  32.46  40.9  48.89  56.91  67.5  78.96  91.7  117.47  193.37  925.83
  106    1    0  -489.71  -1.05  3.51  6.66  9.96  13.68  17.7  21.55  26.5  33.91  42.85  51.11  59.59  70.33  82.66  99.35  146.38  271.62  1159.58
  106    2    0  -366.73  -3.75  0.4  3.51  6.84  10.56  14.67  18.52  23.35  30.54  39.15  47.27  55.37  65.78  76.48  88.96  113.47  223.89  946.94
  106    3    0  -399.51  -2.69  1.93  5.11  8.37  12.05  16.07  19.73  24.68  31.74  40.27  48.32  56.33  66.76  78.25  91.34  117.2  208.89  1187.49
  106    4    0  -72.03  0.93  5.41  8.69  12.11  15.81  19.82  23.57  28.41  35.51  44.24  52.35  60.07  70.6  81.6  95.35  125.76  230.92  1160.18
  106    5    0  -73.85  -0.47  3.93  6.96  10.19  13.84  17.85  21.61  26.38  33.43  42.1  50.09  57.88  68.34  79.31  91.96  116.2  217.67  1130.91
  106    6    0  -71.27  5.86  10.27  13.4  16.64  20.21  24.25  28.07  32.98  40.02  48.57  56.53  64.37  74.58  85.79  98.45  120.17  209.76  1045.66
  106    7    0  -215.13  -2.4  2.0  5.0  8.19  11.84  15.84  19.56  24.28  31.41  39.89  48.12  56.0  66.28  77.29  89.95  112.56  209.42  1148.23
XTParam: 105  3.0  19
Threshold: 0.0  0.3  2.0  5.0  10.0  17.0  25.0  32.0  40.0  50.0  60.0  68.0  75.0  83.0  90.0  95.0  98.0  99.7  100.0
  105    0    0  -194.36  -1.42  2.1  4.7  7.55  10.62  13.9  16.83  20.35  25.14  30.8  36.04  41.19  48.05  55.59  66.24  96.23  155.87  1042.85
  105    1    0  -112.64  -1.45  2.29  4.9  7.74  10.88  14.18  17.17  20.7  25.48  31.06  36.3  41.38  48.22  55.86  65.88  93.59  163.01  613.76
  105    2    0  -112.66  -2.74  0.76  3.41  6.22  9.3  12.43  15.28  18.67  23.43  28.9  34.11  39.34  46.2  53.76  63.99  91.53  156.58  620.96
  105    3    0  -274.39  -2.02  1.57  4.24  6.99  10.06  13.36  16.15  19.49  24.21  29.74  34.9  40.04  46.89  54.47  64.44  92.32  154.97  603.9
  105    4    0  -115.1  -1.89  1.72  4.26  6.98  9.99  13.16  15.98  19.34  24.05  29.58  34.71  39.94  46.92  54.42  64.87  93.83  153.4  608.76
  105    5    0  -113.65  -1.42  2.05  4.63  7.36  10.36  13.52  16.3  19.65  24.3  29.95  35.13  40.33  47.01  54.44  64.71  91.16  155.25  619.18
  105    6    0  -115.23  -3.07  0.49  3.09  5.89  8.91  12.08  14.86  18.2  22.76  28.03  33.11  38.35  45.32  52.83  63.32  91.07  156.15  611.99
  105    7    0  -250.81  -2.35  1.25  3.84  6.56  9.59  12.78  15.53  18.84  23.35  28.72  33.68  38.95  45.88  53.64  63.87  91.31  154.08  601.59
XTParam: 101  4  19
Threshold: 0.0  0.3  2.0  5.0  10.0  17.0  25.0  32.0  40.0  50.0  60.0  68.0  75.0  83.0  90.0  95.0  98.0  99.7  100.0
  101    0    0  -487.46  -4.81  0.52  3.65  7.21  11.5  16.4  21.7  28.75  41.49  59.22  75.97  96.82  125.19  152.88  183.82  247.88  386.36  1457.72
  101    1    0  -453.21  -4.79  0.32  3.53  6.99  11.11  15.95  21.05  27.76  40.49  57.42  76.37  97.74  123.9  154.24  188.55  256.21  376.36  1463.8
  101    2    0  -480.97  -3.46  1.61  4.55  8.02  12.49  17.17  22.06  29.39  40.93  58.46  76.67  96.72  124.33  154.87  185.85  259.66  403.89  1546.52
  101    3    0  -463.68  -3.15  1.76  4.64  8.23  12.74  17.89  23.08  30.65  44.06  62.44  79.43  101.06  130.36  161.39  201.26  273.92  398.23  1461.17
  101    4    0  -459.85  -4.62  0.41  3.53  7.05  11.18  15.99  21.05  28.94  41.93  58.19  75.73  98.62  126.15  156.07  192.83  268.3  390.94  1613.08
  101    5    0  -441.18  -4.87  0.05  3.2  6.33  10.45  15.81  20.81  28.61  40.32  58.34  77.27  96.34  124.4  155.25  185.53  250.38  376.93  1449.97
  101    6    0  -472.48  -4.36  0.27  3.08  6.66  10.73  15.87  20.75  27.51  39.85  57.36  76.42  99.92  130.83  159.04  194.34  267.71  358.23  1445.85
  101    7    0  -477.54  -4.67  0.77  3.97  7.4  11.77  16.95  22.56  30.51  43.94  62.62  82.68  101.21  131.85  161.82  196.35  260.34  404.36  1463.37
XTParam: 102  4  19
Threshold: 0.0  0.3  2.0  5.0  10.0  17.0  25.0  32.0  40.0  50.0  60.0  68.0  75.0  83.0  90.0  95.0  98.0  99.7  100.0
  102    0    0  -316.08  -3.11  1.15  4.44  7.96  11.98  17.01  21.69  28.52  39.45  56.93  75.39  94.05  120.41  149.64  183.64  249.38  384.03  1534.09
  102    1    0  -420.04  -3.53  1.11  4.57  7.93  12.07  16.8  21.85  29.26  42.12  57.91  74.8  92.39  119.67  148.63  179.36  250.81  379.46  1557.42
  102    2    0  -332.11  -4.55  0.94  4.19  7.68  11.91  16.51  21.4  28.46  39.84  56.5  73.7  93.49  120.89  149.54  181.87  251.45  378.19  1556.89
  102    3    0  -332.04  -2.38  1.66  5.11  8.67  12.58  17.69  23.06  30.34  42.12  59.8  77.81  96.7  122.3  150.41  182.29  255.4  370.88  1551.63
  102    4    0  -475.64  -4.84  0.06  3.59  7.24  11.46  15.98  20.56  27.61  38.6  55.05  75.27  93.07  118.62  148.42  178.42  248.3  382.35  1469.47
  102    5    0  -475.66  -4.04  0.54  3.67  7.45  11.5  16.3  21.03  28.45  40.64  57.84  74.51  92.72  119.94  147.11  180.85  251.11  353.19  1607.99
  102    6    0  -240.99  -3.12  1.06  4.62  8.08  12.21  16.97  21.53  28.22  39.3  55.34  73.34  91.44  118.96  146.71  178.42  243.45  369.69  1632.94
  102    7    0  -435.39  -4.14  1.26  4.5  7.86  11.97  17.08  22.14  29.59  41.97  58.09  75.88  95.01  120.49  148.02  178.57  236.43  357.88  1549.93
XTParam: 103  2.5  19
Threshold: 0.0  0.3  2.0  5.0  10.0  17.0  25.0  32.0  40.0  50.0  60.0  68.0  75.0  83.0  90.0  95.0  98.0  99.7  100.0
  103    0    0  -374.8  -5.23  -1.18  1.6  4.42  7.13  9.93  12.44  15.69  20.4  25.95  31.24  36.71  44.27  54.44  69.11  95.18  142.82  1505.91
  103    1    0  -400.02  -4.13  0.29  3.05  5.85  8.86  11.78  14.33  17.37  21.91  27.63  33.15  38.35  45.83  55.53  70.29  94.21  138.82  1499.23
  103    2    0  -404.41  -6.4  -1.49  1.52  4.8  8.03  11.22  13.93  17.07  21.43  26.6  31.66  37.02  45.07  56.38  72.46  97.13  142.08  1497.93
  103    3    0  -387.11  -4.52  0.26  2.92  5.77  8.7  11.89  14.69  17.78  22.31  28.02  33.77  39.77  47.95  59.59  81.36  135.26  426.78  1603.97
  103    4    0  -429.78  -5.47  -1.03  1.82  4.57  7.3  10.31  12.85  16.17  20.81  26.24  31.71  36.95  44.96  54.9  71.41  102.23  270.2  1629.87
  103    5    0  -470.07  -4.48  -0.33  2.45  5.13  8.03  10.95  13.68  16.9  21.56  27.18  32.09  37.45  44.94  54.23  68.33  89.58  128.83  1494.62
  103    6    0  -404.31  -4.99  -0.32  2.39  4.94  7.76  10.5  13.01  16.23  20.64  25.66  30.79  36.0  43.41  53.68  67.05  87.54  135.82  1515.06
  103    7    0  -386.54  -4.85  -0.36  2.52  5.32  8.16  11.29  13.93  16.96  21.44  26.87  32.41  37.66  44.61  53.28  65.92  87.71  134.61  1512.94
XTParam: 104  2.5  19
Threshold: 0.0  0.3  2.0  5.0  10.0  17.0  25.0  32.0  40.0  50.0  60.0  68.0  75.0  83.0  90.0  95.0  98.0  99.7  100.0
  104    0    0  -391.14  -6.27  -1.34  1.57  4.32  7.15  10.06  12.68  15.74  20.05  24.96  29.85  35.09  42.26  50.71  61.56  79.24  109.0  1353.79
  104    1    0  -377.69  -5.33  -0.58  2.19  4.78  7.64  10.58  13.25  16.37  20.57  25.61  30.75  35.78  42.67  51.27  62.73  80.15  109.47  1340.22
  104    2    0  -474.26  -4.7  -0.16  2.61  5.23  8.25  11.31  13.83  16.88  21.07  26.46  31.49  36.43  43.28  51.29  62.45  78.66  111.99  1402.19
  104    3    0  -371.55  -5.23  -0.93  1.99  4.64  7.54  10.39  12.97  16.0  20.25  25.31  30.44  35.22  42.29  50.76  62.92  79.9  116.82  1402.52
  104    4    0  -486.0  -6.23  -1.24  1.71  4.43  7.25  10.13  12.61  15.64  19.87  25.05  29.89  34.72  41.77  50.63  63.56  83.81  140.47  1392.68
  104    5    0  -378.24  -5.5  -0.95  2.02  4.84  7.81  10.71  13.21  16.02  20.37  25.45  30.45  35.41  42.13  49.81  61.16  76.36  108.99  1346.77
  104    6    0  -371.32  -5.11  -0.5  2.12  4.78  7.63  10.49  12.93  16.01  20.31  25.46  30.52  35.85  42.2  50.32  61.11  78.62  110.99  1397.63
  104    7    0  -378.62  -5.6  -1.35  1.54  4.33  7.16  10.06  12.59  15.61  19.77  24.8  29.79  35.09  41.68  49.86  60.67  79.01  112.99  1395.45
