##
#  file: DCDriftParam_05047
#  date: 2021-05-11 14:47:56
#  note: first version
#        DCDriftParam SdcIn ... done
#        DCDriftParam BcOut ... done
#
#
#######################################################################
# Id	WireId	Type	NParam	p0	p1	...
### SDC1
1	0	6	6	0.0000e+00	-9.7395e-03	2.9624e-03	-5.2958e-05	3.8663e-07	-1.2003e-09
2	0	6	6	0.0000e+00	-1.0956e-02	3.4746e-03	-7.5086e-05	7.1366e-07	-2.8043e-09
3	0	6	6	0.0000e+00	-5.5396e-06	-4.4061e-04	8.5512e-05	-1.6151e-06	8.6169e-09
4	0	6	6	0.0000e+00	3.7689e-03	-6.0365e-04	8.9310e-05	-1.6542e-06	8.7354e-09
5	0	6	6	0.0000e+00	-1.1734e-02	3.4142e-03	-7.1424e-05	6.5690e-07	-2.5284e-09
6	0	6	6	0.0000e+00	-1.2455e-02	2.9417e-03	-4.8576e-05	3.0262e-07	-7.2618e-10
### SDC2
7	0	6	6	0.0000e+00	-1.6314e-02	2.4660e-03	-2.7938e-05	9.3191e-08	6.0599e-11
8	0	6	6	0.0000e+00	-1.4454e-02	2.9361e-03	-4.7643e-05	3.4505e-07	-9.7938e-10
9	0	6	6	0.0000e+00	-1.6618e-02	3.0389e-03	-4.8706e-05	3.4823e-07	-9.8625e-10
10	0	6	6	0.0000e+00	-1.7730e-02	2.4923e-03	-2.9681e-05	1.2843e-07	-1.3066e-10
### SDC3
31	0	6	6	0.0000e+00	1.0056e-01	-6.1617e-03	 2.4520e-04	-2.7994e-06	-6.7314e-09
32	0	6	6	0.0000e+00	1.2351e-01	-1.0337e-02	 5.5605e-04	-1.1967e-05	 8.2453e-08
33	0	6	6	0.0000e+00	1.2038e-01	-1.0945e-02	 7.4341e-04	-2.3380e-05	 2.8874e-07
34	0	6	6	0.0000e+00	8.8952e-02	-5.7382e-03	 3.3970e-04	-9.4059e-06	 1.1253e-07
### SDC4
35	0	6	6	0.0000e+00	7.3755e-02	-4.1871e-03	 2.9089e-04	-9.0948e-06	 1.1733e-07
36	0	6	6	0.0000e+00	1.06653-01	-1.0893e-02	 8.0697e-04	-2.5711e-05	 3.0888e-07
37	0	6	6	0.0000e+00	8.4101e-02	-5.4120e-03	 4.0781e-04	-1.5374e-05	 2.4557e-07
38	0	6	6	0.0000e+00	5.4236e-02	 1.0501e-03	-1.27772-04	 5.4169e-06	-6.5047e-08
### SDC5
39	0	6	6	0.0000e+00	1.0559e-01	-1.1681e-02	 9.8491e-04	-3.5610e-05	 4.7157e-07
40	0	6	6	0.0000e+00	1.2608e-01	-1.5725e-02	 1.3183e-03	-4.7884e-05	 6.4131e-07
41	0	6	6	0.0000e+00	8.4106e-02	-2.9962e-03	 1.0826e-04	-1.6380e-06	 2.1040e-08
42	0	6	6	0.0000e+00	4.1414e-02	 3.4398e-03	-3.3785e-04	 1.2400e-05	-1.4793e-07
### BC3
113	0	6	6	0.0000e+00	-1.1717e-02	4.9444e-03	-1.5101e-04	2.0877e-06	-1.6026e-08
114	0	6	6	0.0000e+00	-1.2475e-02	4.7693e-03	-1.3506e-04	1.6579e-06	-1.2211e-08
115	0	6	6	0.0000e+00	-7.8024e-03	3.2019e-03	-2.0009e-05	-1.5226e-06	1.8104e-08
116	0	6	6	0.0000e+00	-8.7500e-03	3.6613e-03	-5.6364e-05	-4.6429e-07	7.5324e-09
117	0	6	6	0.0000e+00	-1.1266e-02	4.5879e-03	-1.3377e-04	1.8914e-06	-1.6512e-08
118	0	6	6	0.0000e+00	-3.0222e-03	8.8131e-04	1.1571e-04	-4.3742e-06	3.9004e-08
### BC4
119	0	6	6	0.0000e+00	-6.4186e-03	5.0020e-03	-1.7132e-04	2.7349e-06	-2.2539e-08
120	0	6	6	0.0000e+00	-8.0568e-03	3.1490e-03	-2.0366e-05	-1.4067e-06	1.6375e-08
121	0	6	6	0.0000e+00	-7.9551e-03	3.5961e-03	-5.3911e-05	-5.0517e-07	7.7235e-09
122	0	6	6	0.0000e+00	-9.4359e-03	3.6105e-03	-5.6830e-05	-3.1731e-07	5.2260e-09
123	0	6	6	0.0000e+00	-7.0414e-03	2.9973e-03	-9.2680e-06	-1.6860e-06	1.8352e-08
124	0	6	6	0.0000e+00	-2.5510e-03	1.3921e-03	6.8610e-05	-2.9454e-06	2.4509e-08
