##
#  file: DCDriftParam_0
#  date: 2016.06.15
#  note: first version
#
#
#######################################################################
# Id	WireId	Type	NParam	p0	p1	...
### SFT
7	0	6	6	0.0000e+00	0.0000e+00	0.0000e+00	0.0000e+00	0.0000e+00	0.0000e+00
8	0	6	6	0.0000e+00	0.0000e+00	0.0000e+00	0.0000e+00	0.0000e+00	0.0000e+00
9	0	6	6	0.0000e+00	0.0000e+00	0.0000e+00	0.0000e+00	0.0000e+00	0.0000e+00
### SDC1
1	0	6	6	0.0000e+00	6.9770e-02 	 -9.5541e-04 	 4.3194e-05 	 -8.8861e-07 	 5.4801e-09
2	0	6	6	0.0000e+00	8.9587e-02 	 -2.9430e-03 	 1.1398e-04 	 -1.9279e-06 	 1.0861e-08
3	0	6	6	0.0000e+00	6.4275e-02 	 -3.2793e-04 	 1.3513e-05 	 -3.5019e-07 	 2.2406e-09
4	0	6	6	0.0000e+00	7.3826e-02 	 -1.2828e-03 	 4.9942e-05 	 -9.1738e-07 	 5.2942e-09
5	0	6	6	0.0000e+00	7.1786e-02 	 -9.2025e-04 	 3.8474e-05 	 -7.8942e-07 	 4.8472e-09
6	0	6	6	0.0000e+00	9.3233e-02 	 -3.1054e-03 	 1.1815e-04 	 -1.9874e-06 	 1.1208e-08
### SDC2
31	0	6	6	0.0000e+00	1.1100e-01 	 -3.2436e-03 	 9.1393e-05 	 -1.1231e-06 	 4.6958e-09
32	0	6	6	0.0000e+00	7.0779e-02 	 -5.0672e-04 	 1.6514e-05 	 -2.6364e-07 	 1.2292e-09
33	0	6	6	0.0000e+00	9.1244e-02 	 -1.9722e-03 	 5.2745e-05 	 -6.2364e-07 	 2.4625e-09
34	0	6	6	0.0000e+00	9.8703e-02 	 -2.4197e-03 	 6.5293e-05 	 -7.7787e-07 	 3.1256e-09
### SDC3
35	0	6	6	0.0000e+00	6.8937e-02 	 -1.5246e-04 	 1.1865e-07 	 3.4976e-09 	 -1.4484e-11
36	0	6	6	0.0000e+00	7.1539e-02 	 -2.3649e-04 	 1.0766e-06 	 -9.7017e-10 	 -7.1401e-12
37	0	6	6	0.0000e+00	7.4356e-02 	 -3.7242e-04 	 2.8725e-06 	 -1.0330e-08 	 9.9915e-12 
38	0	6	6	0.0000e+00	7.3168e-02 	 -2.0205e-04 	 7.3922e-07 	 -7.4029e-10 	 -5.1864e-12
### BC3
113	0	6	6	0.0000e+00	5.2743e-02 	 6.3278e-04 	 1.4608e-05 	 -2.5959e-06 	 3.9267e-08
114	0	6	6	0.0000e+00	6.3248e-02 	 -2.1434e-03 	 2.2930e-04 	 -9.0645e-06 	 1.0737e-07
115	0	6	6	0.0000e+00	6.2193e-02 	 -1.1751e-03 	 1.6716e-04 	 -7.8612e-06 	 1.0184e-07
116	0	6	6	0.0000e+00	6.7468e-02 	 -2.2736e-03 	 2.5730e-04 	 -1.1005e-05 	 1.4008e-07
117	0	6	6	0.0000e+00	5.3760e-02 	 -2.4982e-04 	 9.9263e-05 	 -5.2939e-06 	 6.7347e-08
118	0	6	6	0.0000e+00	7.9951e-02 	 -4.6867e-03 	 4.3198e-04 	 -1.6354e-05 	 1.9881e-07
### BC4
119	0	6	6	0.0000e+00	5.7989e-02 	 -1.2593e-03 	 1.8410e-04 	 -8.2054e-06 	 1.0209e-07
120	0	6	6	0.0000e+00	6.1907e-02 	 -1.3835e-03 	 2.0215e-04 	 -9.5256e-06 	 1.2551e-07
121	0	6	6	0.0000e+00	5.9206e-02 	 -1.0287e-03 	 1.7603e-04 	 -8.5379e-06 	 1.1212e-07
122	0	6	6	0.0000e+00	6.1759e-02 	 -2.1841e-03 	 2.7438e-04 	 -1.1692e-05 	 1.4728e-07
123	0	6	6	0.0000e+00	5.8343e-02 	 3.9197e-04 	 1.9549e-05 	 -2.6604e-06 	 3.9318e-08
124	0	6	6	0.0000e+00	7.0292e-02 	 -3.4597e-03 	 3.3436e-04 	 -1.2621e-05 	 1.4938e-07