##
#  file: DCDriftParam_05047
#  date: 2021-05-11 14:09:52
#  note: first version
#        DCDriftParam BcOut ... done
#
#
#######################################################################
# Id	WireId	Type	NParam	p0	p1	...
### SDC1
1	0	6	6	9.7821e-03	-1.0585e-02	2.1721e-03	-1.2371e-05	-2.7152e-07	2.2549e-09
2	0	6	6	2.2181e-03	-6.7646e-03	2.3680e-03	-2.4138e-05	-9.5241e-08	1.4151e-09
3	0	6	6	7.0380e-04	-7.3811e-03	2.4630e-03	-2.7544e-05	-4.7104e-08	1.1750e-09
4	0	6	6	1.6459e-03	-8.2552e-03	2.4639e-03	-2.7297e-05	-4.6291e-08	1.1450e-09
5	0	6	6	5.1619e-03	-8.9816e-03	2.2385e-03	-1.3568e-05	-2.9023e-07	2.5110e-09
6	0	6	6	3.0601e-03	-6.7904e-03	2.1209e-03	-1.3690e-05	-2.4141e-07	2.0936e-09
### SDC2
7	0	6	6	3.8612e-02	-2.6576e-02	3.7673e-03	-6.6269e-05	5.2136e-07	-1.5940e-09
8	0	6	6	9.1717e-03	-1.4188e-02	3.4848e-03	-6.5997e-05	5.5709e-07	-1.8183e-09
9	0	6	6	7.8743e-03	-1.4332e-02	3.4334e-03	-6.4765e-05	5.5188e-07	-1.8371e-09
10	0	6	6	3.8399e-02	-2.6102e-02	3.6860e-03	-6.4901e-05	5.2196e-07	-1.6608e-09
### SDC3
31	0	6	6	0.0000e+00	4.3583e-02	5.3486e-04	-3.6587e-06	-4.5534e-08	2.9528e-10
32	0	6	6	0.0000e+00	4.4869e-02	3.8079e-04	-2.6282e-06	-3.1500e-08	1.8957e-10
33	0	6	6	0.0000e+00	4.3728e-02	4.1906e-04	-2.8145e-06	-3.4328e-08	2.0977e-10
34	0	6	6	0.0000e+00	4.4480e-02	4.4278e-04	-3.0404e-06	-3.7224e-08	2.3170e-10
### SDC4
35	0	6	6	0.0000e+00	4.4242e-02	1.1810e-04	-1.3415e-06	5.5948e-09	-9.6505e-12
36	0	6	6	0.0000e+00	4.4298e-02	1.1877e-04	-1.2683e-06	5.1119e-09	-8.9470e-12
37	0	6	6	0.0000e+00	4.3060e-02	1.7015e-04	-1.9026e-06	8.0069e-09	-1.3337e-11
38	0	6	6	0.0000e+00	4.3165e-02	2.0378e-04	-2.3408e-06	1.0283e-08	-1.7642e-11
### SDC3
35	0	6	6	0.0000e+00	4.4242e-02	1.1810e-04	-1.3415e-06	5.5948e-09	-9.6505e-12
36	0	6	6	0.0000e+00	4.4298e-02	1.1877e-04	-1.2683e-06	5.1119e-09	-8.9470e-12
37	0	6	6	0.0000e+00	4.3060e-02	1.7015e-04	-1.9026e-06	8.0069e-09	-1.3337e-11
38	0	6	6	0.0000e+00	4.3165e-02	2.0378e-04	-2.3408e-06	1.0283e-08	-1.7642e-11
### BC3
113	0	6	6	0.0000e+00	-1.1717e-02	4.9444e-03	-1.5101e-04	2.0877e-06	-1.6026e-08
114	0	6	6	0.0000e+00	-1.2475e-02	4.7693e-03	-1.3506e-04	1.6579e-06	-1.2211e-08
115	0	6	6	0.0000e+00	-7.8024e-03	3.2019e-03	-2.0009e-05	-1.5226e-06	1.8104e-08
116	0	6	6	0.0000e+00	-8.7500e-03	3.6613e-03	-5.6364e-05	-4.6429e-07	7.5324e-09
117	0	6	6	0.0000e+00	-1.1266e-02	4.5879e-03	-1.3377e-04	1.8914e-06	-1.6512e-08
118	0	6	6	0.0000e+00	-3.0222e-03	8.8131e-04	1.1571e-04	-4.3742e-06	3.9004e-08
### BC4
119	0	6	6	0.0000e+00	-6.4186e-03	5.0020e-03	-1.7132e-04	2.7349e-06	-2.2539e-08
120	0	6	6	0.0000e+00	-8.0568e-03	3.1490e-03	-2.0366e-05	-1.4067e-06	1.6375e-08
121	0	6	6	0.0000e+00	-7.9551e-03	3.5961e-03	-5.3911e-05	-5.0517e-07	7.7235e-09
122	0	6	6	0.0000e+00	-9.4359e-03	3.6105e-03	-5.6830e-05	-3.1731e-07	5.2260e-09
123	0	6	6	0.0000e+00	-7.0414e-03	2.9973e-03	-9.2680e-06	-1.6860e-06	1.8352e-08
124	0	6	6	0.0000e+00	-2.5510e-03	1.3921e-03	6.8610e-05	-2.9454e-06	2.4509e-08
