##
#  file: DCDriftParam_0
#  date: 2016.06.15
#  note: first version
#
#
#######################################################################
# Id	WireId	Type	NParam	p0	p1	...
### SFT
7	0	6	6	0.0000e+00	0.0000e+00	0.0000e+00	0.0000e+00	0.0000e+00	0.0000e+00
8	0	6	6	0.0000e+00	0.0000e+00	0.0000e+00	0.0000e+00	0.0000e+00	0.0000e+00
9	0	6	6	0.0000e+00	0.0000e+00	0.0000e+00	0.0000e+00	0.0000e+00	0.0000e+00
### SDC1
1	0	6	6	0.0000e+00	4.2235e-02	8.5304e-04	-9.5588e-06	-1.4736e-07	1.5588e-09
2	0	6	6	0.0000e+00	4.1847e-02	8.2917e-04	-9.1554e-06	-1.4227e-07	1.4874e-09
3	0	6	6	0.0000e+00	4.1905e-02	7.8330e-04	-8.6381e-06	-1.3381e-07	1.3887e-09
4	0	6	6	0.0000e+00	4.1261e-02	7.8981e-04	-8.5003e-06	-1.3399e-07	1.3717e-09
5	0	6	6	0.0000e+00	3.9708e-02	8.5236e-04	-8.9166e-06	-1.4264e-07	1.4609e-09
6	0	6	6	0.0000e+00	3.9619e-02	9.2336e-04	-9.8369e-06	-1.5548e-07	1.6308e-09
### SDC2
31	0	6	6	0.0000e+00	4.3583e-02	5.3486e-04	-3.6587e-06	-4.5534e-08	2.9528e-10
32	0	6	6	0.0000e+00	4.4869e-02	3.8079e-04	-2.6282e-06	-3.1500e-08	1.8957e-10
33	0	6	6	0.0000e+00	4.3728e-02	4.1906e-04	-2.8145e-06	-3.4328e-08	2.0977e-10
34	0	6	6	0.0000e+00	4.4480e-02	4.4278e-04	-3.0404e-06	-3.7224e-08	2.3170e-10
### SDC3
35	0	6	6	0.0000e+00	4.4242e-02	1.1810e-04	-1.3415e-06	5.5948e-09	-9.6505e-12
36	0	6	6	0.0000e+00	4.4298e-02	1.1877e-04	-1.2683e-06	5.1119e-09	-8.9470e-12
37	0	6	6	0.0000e+00	4.3060e-02	1.7015e-04	-1.9026e-06	8.0069e-09	-1.3337e-11
38	0	6	6	0.0000e+00	4.3165e-02	2.0378e-04	-2.3408e-06	1.0283e-08	-1.7642e-11
### BC3
113	0	6	6	0.0000e+00	3.6281e-02	1.8217e-03	-2.8817e-05	-1.3481e-06	2.3753e-08
114	0	6	6	0.0000e+00	3.6522e-02	1.9929e-03	-3.3403e-05	-1.5297e-06	2.8545e-08
115	0	6	6	0.0000e+00	3.4888e-02	2.2028e-03	-3.7597e-05	-1.7007e-06	3.3094e-08
116	0	6	6	0.0000e+00	3.6033e-02	2.1716e-03	-3.7879e-05	-1.6962e-06	3.3130e-08
117	0	6	6	0.0000e+00	3.3968e-02	1.9446e-03	-2.9034e-05	-1.4202e-06	2.4633e-08
118	0	6	6	0.0000e+00	3.5673e-02	2.3222e-03	-4.2083e-05	-1.8498e-06	3.7738e-08
### BC4
119	0	6	6	0.0000e+00	3.7237e-02	1.9794e-03	-3.4148e-05	-1.5290e-06	2.8973e-08
120	0	6	6	0.0000e+00	3.7761e-02	2.1321e-03	-3.9008e-05	-1.7067e-06	3.4126e-08
121	0	6	6	0.0000e+00	3.6370e-02	2.2134e-03	-3.9350e-05	-1.7451e-06	3.4542e-08
122	0	6	6	0.0000e+00	3.8097e-02	2.0545e-03	-3.7271e-05	-1.6279e-06	3.2043e-08
123	0	6	6	0.0000e+00	3.6750e-02	2.3175e-03	-4.2984e-05	-1.8659e-06	3.8331e-08
124	0	6	6	0.0000e+00	3.8182e-02	2.2411e-03	-4.2699e-05	-1.8329e-06	3.7931e-08
