# 
# CID  Seg   X         Y         Z        rotx      roty      rotz        sizex     sizey     sizez     flag   LightV
#            [cm]      [cm]      [cm]     [deg]     [deg]     [deg]       [cm]      [cm]      [cm]             [cm/ns]
  101    -1      0.5       -0.13         0     -0.46    -0.1        45           25.6      25.6      40        0      200     
# CID  Layer    nwire    z      xy     x0/y0   dx/dy  wirelength   tilt      rotateangle
  101       0      32  -12.00       0   -12.600    0.80    26.6    0.00     0.0    50
  101       1      32  -12.50       0   -12.195    0.80    26.6    0.00     0.0    50
  101       2      32  -13.00       1   -12.600    0.80    26.6    0.00     0.0    50
  101       3      32  -13.50       1   -12.195    0.80    26.6    0.00     0.0    50
  101       4      32  -16.50       0   -12.593    0.80    26.6    0.00     0.0    50
  101       5      32  -17.00       0   -12.200    0.80    26.6    0.00     0.0    50
  101       6      32  -17.50       1   -12.583    0.80    26.6    0.00     0.0    50
  101       7      32  -18.00       1   -12.200    0.80    26.6    0.00     0.0    50
# CID  Seg   X         Y         Z        rotx      roty      rotz        sizex     sizey     sizez     flag   LightV
#            [cm]      [cm]      [cm]     [deg]     [deg]     [deg]       [cm]      [cm]      [cm]             [cm/ns]
  102     -1      0.5       -0.13       0       -0.46    -0.1     45           25.6      25.6      40         0     200     
# CID  Layer    nwire    z      xy     x0/y0   dx/dy  wirelength   tilt      rotateangle
  102       0      32   18.00       0   -12.719    0.80    26.6 -0.12     0.0    50
  102       1      32   17.50       0   -12.323    0.80    26.6 -0.12     0.0    50
  102       2      32   17.00       1   -12.673    0.80    26.6  0.00     0.0    50
  102       3      32   16.50       1   -12.275    0.80    26.6  0.00     0.0    50
  102       4      32   13.50       0   -12.715    0.80    26.6 -0.12     0.0    50
  102       5      32   13.00       0   -12.319    0.80    26.6 -0.12     0.0    50
  102       6      32   12.50       1   -12.678    0.80    26.6  0.00     0.0    50
  102       7      32   12.00       1   -12.273    0.80    26.6  0.00     0.0    50
# CID  Seg   X         Y         Z        rotx      roty      rotz        sizex     sizey     sizez     flag   LightV
#            [cm]      [cm]      [cm]     [deg]     [deg]     [deg]       [cm]      [cm]      [cm]             [cm/ns]
  103     -1  2.485       -0.29      -130    0.14      0.07    137.7           17.      17.       36          0    200 
# CID  Layer    nwire    z      xy     x0/y0   dx/dy  wirelength   tilt      rotateangle
  103       0      32  -15.50       0   -8.0000    0.50    17.0    0.00      0.0    50
  103       1      32  -15.00       0   -7.7570    0.50    17.0    0.00      0.0    50
  103       2      32  -14.50       1   -8.0000    0.50    17.0    0.00      0.0    50
  103       3      32  -14.00       1   -7.7526    0.50    17.0    0.00      0.0    50
  103       4      32  -13.50       0   -8.0073    0.50    17.0    0.00      0.0    50
  103       5      32  -13.00       0   -7.7500    0.50    17.0    0.00      0.0    50
  103       6      32  -12.50       1   -8.0006    0.50    17.0    0.00      0.0    50
  103       7      32  -12.00       1   -7.7500    0.50    17.0    0.00      0.0    50
# CID  Seg   X         Y         Z        rotx      roty      rotz        sizex     sizey     sizez     flag   LightV
#            [cm]      [cm]      [cm]     [deg]     [deg]     [deg]       [cm]      [cm]      [cm]             [cm/ns]
  104     -1  2.485      -0.29      -130     0.14     0.07     137.7           17.      17.       36         0     200
# CID  Layer    nwire    z      xy     x0/y0   dx/dy  wirelength   tilt      rotateangle
  104       0      32   15.50       1    7.9630   -0.50    17.0   0.01      0.00    50
  104       1      32   15.00       1    7.7082   -0.50    17.0   0.01      0.00    50
  104       2      32   14.50       0    8.0157   -0.50    17.0   0.26      0.00    50
  104       3      32   14.00       0    7.7612   -0.50    17.0   0.26      0.00    50
  104       4      32   13.50       1    7.9662   -0.50    17.0   0.01      0.00    50
  104       5     32   13.00       1    7.7130   -0.50    17.0   0.01      0.00    50
  104       6      32   12.50       0    8.0092   -0.50    17.0   0.26      0.00    50
  104       7      32   12.00       0    7.7657   -0.50    17.0   0.26      0.00    50
# CID  Seg   X         Y         Z        rotX       rotY       rotZ        SizeX(W)  SizeY(L)  SizeZ(T)  Size4  LightV
#            [cm]      [cm]      [cm]     [deg]      [deg]      [deg]       [cm]      [cm]      [cm]             [mm/ns]
  105     -1     0.00    0.00    -36.8    0.0        0.0        0.0         0         14.5      360       8.0     200
# CID  Layer    nwire    z      xy     x0/y0   dx/dy  wirelength   tilt      rotateangle
  105       0      32   -2.52       0   -9.150   0.6    20.0    0.00    0.00    50
  105       1      32   -1.80       0   -8.850   0.6    20.0    0.00    0.00    50
  105       2      32   -1.08       1   -8.850   0.6    20.0    0.00    0.00    50
  105       3      32   -0.36       1   -9.150   0.6    20.0    0.00    0.00    50
  105       4      32    0.36       0   -9.150   0.6    20.0    0.00    0.00    50
  105       5      32    1.08       0   -8.850   0.6    20.0    0.00    0.00    50
  105       6      32    1.80       1   -8.850   0.6    20.0    0.00    0.00    50
  105       7      32    2.52       1   -9.150   0.6    20.0    0.00    0.00    50
# CID  Seg   X         Y         Z        rotx      roty      rotz        sizex     sizey     sizez     flag   LightV
#            [cm]      [cm]      [cm]     [deg]     [deg]     [deg]       [cm]      [cm]      [cm]             [cm/ns]
  106    -1      0.00    0.00       -49.61   0.0    0.0        45          0        8.4       360       7.0    200
# CID  Layer    nwire    z      xy     x0/y0   dx/dy  wirelength   tilt      rotateangle
  106       0      15  -2.520       0   -5.2200    0.72    11.7    0.00    0.00    50
  106       1      15  -1.800       0   -4.8517    0.72    11.7    0.00    0.00    50
  106       2      15  -1.080       1   -5.2200    0.72    11.7    0.00    0.00    50
  106       3      15 -0.3600       1   -4.8500    0.72    11.7    0.00    0.00    50
#  106       0      15  -2.520       0    4.8600   -0.72    11.7    0.00    0.00    50
#  106       1      15  -1.800       0    5.2283   -0.72    11.7    0.00    0.00    50
#  106       2      15  -1.080       1    4.8600   -0.72    11.7    0.00    0.00    50
#  106       3      15 -0.3600       1    5.2300   -0.72    11.7    0.00    0.00    50
  106       4      15  0.3600       0   -4.8622    0.72    11.7    0.00    0.00    50
  106       5      15   1.080       0   -5.2200    0.72    11.7    0.00    0.00    50
  106       6      15   1.800       1   -4.8560    0.72    11.7    0.00    0.00    50
  106       7      15   2.520       1   -5.2200    0.72    11.7    0.00    0.00    50
