CId	PlId	SegId	UorD	Type	nParam	p0	p1	p2
1	0	0	0	1	3	0.00000e+00	0.00000e+00	0.00000e+00
1	0	1	0	1	3	0.00000e+00	0.00000e+00	0.00000e+00
1	0	2	0	1	3	0.00000e+00	0.00000e+00	0.00000e+00
1	0	3	0	1	3	0.00000e+00	0.00000e+00	0.00000e+00
1	0	4	0	1	3	0.00000e+00	0.00000e+00	0.00000e+00
1	0	5	0	1	3	0.00000e+00	0.00000e+00	0.00000e+00
1	0	6	0	1	3	0.00000e+00	0.00000e+00	0.00000e+00
1	0	7	0	1	3	0.00000e+00	0.00000e+00	0.00000e+00
1	0	8	0	1	3	0.00000e+00	0.00000e+00	0.00000e+00
1	0	9	0	1	3	0.00000e+00	0.00000e+00	0.00000e+00
1	0	10	0	1	3	0.00000e+00	0.00000e+00	0.00000e+00
1	0	11	0	1	3	0.00000e+00	0.00000e+00	0.00000e+00
1	0	12	0	1	3	0.00000e+00	0.00000e+00	0.00000e+00
1	0	13	0	1	3	0.00000e+00	0.00000e+00	0.00000e+00
1	0	14	0	1	3	0.00000e+00	0.00000e+00	0.00000e+00
1	0	15	0	1	3	0.00000e+00	0.00000e+00	0.00000e+00
1	0	16	0	1	3	0.00000e+00	0.00000e+00	0.00000e+00
1	0	17	0	1	3	0.00000e+00	0.00000e+00	0.00000e+00
1	0	18	0	1	3	0.00000e+00	0.00000e+00	0.00000e+00
1	0	19	0	1	3	0.00000e+00	0.00000e+00	0.00000e+00
1	0	20	0	1	3	0.00000e+00	0.00000e+00	0.00000e+00
1	0	21	0	1	3	0.00000e+00	0.00000e+00	0.00000e+00
1	0	22	0	1	3	0.00000e+00	0.00000e+00	0.00000e+00
1	0	23	0	1	3	0.00000e+00	0.00000e+00	0.00000e+00
1	0	24	0	1	3	0.00000e+00	0.00000e+00	0.00000e+00
1	0	25	0	1	3	0.00000e+00	0.00000e+00	0.00000e+00
1	0	26	0	1	3	0.00000e+00	0.00000e+00	0.00000e+00
1	0	27	0	1	3	0.00000e+00	0.00000e+00	0.00000e+00
1	0	28	0	1	3	0.00000e+00	0.00000e+00	0.00000e+00
1	0	29	0	1	3	0.00000e+00	0.00000e+00	0.00000e+00
1	0	30	0	1	3	0.00000e+00	0.00000e+00	0.00000e+00
1	0	31	0	1	3	0.00000e+00	0.00000e+00	0.00000e+00
1	0	32	0	1	3	0.00000e+00	0.00000e+00	0.00000e+00
1	0	33	0	1	3	0.00000e+00	0.00000e+00	0.00000e+00
1	0	34	0	1	3	0.00000e+00	0.00000e+00	0.00000e+00
1	0	35	0	1	3	0.00000e+00	0.00000e+00	0.00000e+00
1	0	36	0	1	3	0.00000e+00	0.00000e+00	0.00000e+00
1	0	37	0	1	3	0.00000e+00	0.00000e+00	0.00000e+00
1	0	38	0	1	3	0.00000e+00	0.00000e+00	0.00000e+00
1	0	39	0	1	3	0.00000e+00	0.00000e+00	0.00000e+00
1	0	40	0	1	3	0.00000e+00	0.00000e+00	0.00000e+00
1	0	41	0	1	3	0.00000e+00	0.00000e+00	0.00000e+00
1	0	42	0	1	3	0.00000e+00	0.00000e+00	0.00000e+00
1	0	43	0	1	3	0.00000e+00	0.00000e+00	0.00000e+00
1	0	44	0	1	3	0.00000e+00	0.00000e+00	0.00000e+00
1	0	45	0	1	3	0.00000e+00	0.00000e+00	0.00000e+00
1	0	46	0	1	3	0.00000e+00	0.00000e+00	0.00000e+00
1	0	47	0	1	3	0.00000e+00	0.00000e+00	0.00000e+00
1	0	48	0	1	3	0.00000e+00	0.00000e+00	0.00000e+00
1	0	49	0	1	3	0.00000e+00	0.00000e+00	0.00000e+00
1	0	50	0	1	3	0.00000e+00	0.00000e+00	0.00000e+00
1	0	51	0	1	3	0.00000e+00	0.00000e+00	0.00000e+00
1	0	52	0	1	3	0.00000e+00	0.00000e+00	0.00000e+00
1	0	53	0	1	3	0.00000e+00	0.00000e+00	0.00000e+00
1	0	54	0	1	3	0.00000e+00	0.00000e+00	0.00000e+00
1	0	55	0	1	3	0.00000e+00	0.00000e+00	0.00000e+00
1	0	56	0	1	3	0.00000e+00	0.00000e+00	0.00000e+00
1	0	57	0	1	3	0.00000e+00	0.00000e+00	0.00000e+00
1	0	58	0	1	3	0.00000e+00	0.00000e+00	0.00000e+00
1	0	59	0	1	3	0.00000e+00	0.00000e+00	0.00000e+00
1	0	60	0	1	3	0.00000e+00	0.00000e+00	0.00000e+00
1	0	61	0	1	3	0.00000e+00	0.00000e+00	0.00000e+00
1	0	62	0	1	3	0.00000e+00	0.00000e+00	0.00000e+00
1	0	0	1	1	3	0.00000e+00	0.00000e+00	0.00000e+00
1	0	1	1	1	3	0.00000e+00	0.00000e+00	0.00000e+00
1	0	2	1	1	3	0.00000e+00	0.00000e+00	0.00000e+00
1	0	3	1	1	3	0.00000e+00	0.00000e+00	0.00000e+00
1	0	4	1	1	3	0.00000e+00	0.00000e+00	0.00000e+00
1	0	5	1	1	3	0.00000e+00	0.00000e+00	0.00000e+00
1	0	6	1	1	3	0.00000e+00	0.00000e+00	0.00000e+00
1	0	7	1	1	3	0.00000e+00	0.00000e+00	0.00000e+00
1	0	8	1	1	3	0.00000e+00	0.00000e+00	0.00000e+00
1	0	9	1	1	3	0.00000e+00	0.00000e+00	0.00000e+00
1	0	10	1	1	3	0.00000e+00	0.00000e+00	0.00000e+00
1	0	11	1	1	3	0.00000e+00	0.00000e+00	0.00000e+00
1	0	12	1	1	3	0.00000e+00	0.00000e+00	0.00000e+00
1	0	13	1	1	3	0.00000e+00	0.00000e+00	0.00000e+00
1	0	14	1	1	3	0.00000e+00	0.00000e+00	0.00000e+00
1	0	15	1	1	3	0.00000e+00	0.00000e+00	0.00000e+00
1	0	16	1	1	3	0.00000e+00	0.00000e+00	0.00000e+00
1	0	17	1	1	3	0.00000e+00	0.00000e+00	0.00000e+00
1	0	18	1	1	3	0.00000e+00	0.00000e+00	0.00000e+00
1	0	19	1	1	3	0.00000e+00	0.00000e+00	0.00000e+00
1	0	20	1	1	3	0.00000e+00	0.00000e+00	0.00000e+00
1	0	21	1	1	3	0.00000e+00	0.00000e+00	0.00000e+00
1	0	22	1	1	3	0.00000e+00	0.00000e+00	0.00000e+00
1	0	23	1	1	3	0.00000e+00	0.00000e+00	0.00000e+00
1	0	24	1	1	3	0.00000e+00	0.00000e+00	0.00000e+00
1	0	25	1	1	3	0.00000e+00	0.00000e+00	0.00000e+00
1	0	26	1	1	3	0.00000e+00	0.00000e+00	0.00000e+00
1	0	27	1	1	3	0.00000e+00	0.00000e+00	0.00000e+00
1	0	28	1	1	3	0.00000e+00	0.00000e+00	0.00000e+00
1	0	29	1	1	3	0.00000e+00	0.00000e+00	0.00000e+00
1	0	30	1	1	3	0.00000e+00	0.00000e+00	0.00000e+00
1	0	31	1	1	3	0.00000e+00	0.00000e+00	0.00000e+00
1	0	32	1	1	3	0.00000e+00	0.00000e+00	0.00000e+00
1	0	33	1	1	3	0.00000e+00	0.00000e+00	0.00000e+00
1	0	34	1	1	3	0.00000e+00	0.00000e+00	0.00000e+00
1	0	35	1	1	3	0.00000e+00	0.00000e+00	0.00000e+00
1	0	36	1	1	3	0.00000e+00	0.00000e+00	0.00000e+00
1	0	37	1	1	3	0.00000e+00	0.00000e+00	0.00000e+00
1	0	38	1	1	3	0.00000e+00	0.00000e+00	0.00000e+00
1	0	39	1	1	3	0.00000e+00	0.00000e+00	0.00000e+00
1	0	40	1	1	3	0.00000e+00	0.00000e+00	0.00000e+00
1	0	41	1	1	3	0.00000e+00	0.00000e+00	0.00000e+00
1	0	42	1	1	3	0.00000e+00	0.00000e+00	0.00000e+00
1	0	43	1	1	3	0.00000e+00	0.00000e+00	0.00000e+00
1	0	44	1	1	3	0.00000e+00	0.00000e+00	0.00000e+00
1	0	45	1	1	3	0.00000e+00	0.00000e+00	0.00000e+00
1	0	46	1	1	3	0.00000e+00	0.00000e+00	0.00000e+00
1	0	47	1	1	3	0.00000e+00	0.00000e+00	0.00000e+00
1	0	48	1	1	3	0.00000e+00	0.00000e+00	0.00000e+00
1	0	49	1	1	3	0.00000e+00	0.00000e+00	0.00000e+00
1	0	50	1	1	3	0.00000e+00	0.00000e+00	0.00000e+00
1	0	51	1	1	3	0.00000e+00	0.00000e+00	0.00000e+00
1	0	52	1	1	3	0.00000e+00	0.00000e+00	0.00000e+00
1	0	53	1	1	3	0.00000e+00	0.00000e+00	0.00000e+00
1	0	54	1	1	3	0.00000e+00	0.00000e+00	0.00000e+00
1	0	55	1	1	3	0.00000e+00	0.00000e+00	0.00000e+00
1	0	56	1	1	3	0.00000e+00	0.00000e+00	0.00000e+00
1	0	57	1	1	3	0.00000e+00	0.00000e+00	0.00000e+00
1	0	58	1	1	3	0.00000e+00	0.00000e+00	0.00000e+00
1	0	59	1	1	3	0.00000e+00	0.00000e+00	0.00000e+00
1	0	60	1	1	3	0.00000e+00	0.00000e+00	0.00000e+00
1	0	61	1	1	3	0.00000e+00	0.00000e+00	0.00000e+00
1	0	62	1	1	3	0.00000e+00	0.00000e+00	0.00000e+00
2	0	0	0	1	3	2.20241e+00	-1.44118e+00	0.00000e+00
2	0	1	0	1	3	2.38811e+00	-1.53800e+00	0.00000e+00
2	0	2	0	1	3	2.34689e+00	-1.61439e+00	0.00000e+00
2	0	3	0	1	3	2.28528e+00	-1.46523e+00	0.00000e+00
2	0	4	0	1	3	2.17284e+00	-1.39718e+00	0.00000e+00
2	0	0	1	1	3	8.16427e-01	-5.24101e-01	0.00000e+00
2	0	1	1	1	3	1.12221e+00	-6.96518e-01	0.00000e+00
2	0	2	1	1	3	1.62794e+00	-1.08006e+00	0.00000e+00
2	0	3	1	1	3	1.34813e+00	-8.48054e-01	0.00000e+00
2	0	4	1	1	3	1.57965e+00	-1.00538e+00	0.00000e+00
4	0	0	0	1	3	4.62931e+00	-2.49946e+00	0.00000e+00
4	0	0	1	1	3	2.86571e+00	-2.43521e+00	0.00000e+00
6	0	0	0	1	3	1.67813e+00	-2.05681e+00	0.00000e+00
6	0	1	0	1	3	2.03072e+00	-2.49166e+00	0.00000e+00
6	0	2	0	1	3	1.73343e+00	-2.18570e+00	0.00000e+00
6	0	3	0	1	3	1.85841e+00	-2.31051e+00	0.00000e+00
6	0	4	0	1	3	2.35473e+00	-2.95026e+00	0.00000e+00
6	0	0	1	1	3	1.74082e+00	-2.13458e+00	0.00000e+00
6	0	1	1	1	3	1.73584e+00	-2.13308e+00	0.00000e+00
6	0	2	1	1	3	1.86433e+00	-2.34571e+00	0.00000e+00
6	0	3	1	1	3	1.64051e+00	-2.04934e+00	0.00000e+00
6	0	4	1	1	3	2.55308e+00	-3.23856e+00	0.00000e+00
14	0	0	0	1	3	1.67813e+00	-2.05681e+00	0.00000e+00
14	0	1	0	1	3	2.03072e+00	-2.49166e+00	0.00000e+00
14	0	2	0	1	3	1.73343e+00	-2.18570e+00	0.00000e+00
14	0	3	0	1	3	1.85841e+00	-2.31051e+00	0.00000e+00
14	0	4	0	1	3	2.35473e+00	-2.95026e+00	0.00000e+00
14	0	5	0	1	3	1.67813e+00	-2.05681e+00	0.00000e+00
14	0	6	0	1	3	2.03072e+00	-2.49166e+00	0.00000e+00
14	0	7	0	1	3	1.73343e+00	-2.18570e+00	0.00000e+00
14	0	8	0	1	3	1.85841e+00	-2.31051e+00	0.00000e+00
14	0	9	0	1	3	2.35473e+00	-2.95026e+00	0.00000e+00
14	0	0	1	1	3	1.74082e+00	-2.13458e+00	0.00000e+00
14	0	1	1	1	3	1.73584e+00	-2.13308e+00	0.00000e+00
14	0	2	1	1	3	1.86433e+00	-2.34571e+00	0.00000e+00
14	0	3	1	1	3	1.64051e+00	-2.04934e+00	0.00000e+00
14	0	4	1	1	3	2.55308e+00	-3.23856e+00	0.00000e+00
14	0	5	1	1	3	1.74082e+00	-2.13458e+00	0.00000e+00
14	0	6	1	1	3	1.73584e+00	-2.13308e+00	0.00000e+00
14	0	7	1	1	3	1.86433e+00	-2.34571e+00	0.00000e+00
14	0	8	1	1	3	1.64051e+00	-2.04934e+00	0.00000e+00
14	0	9	1	1	3	2.55308e+00	-3.23856e+00	0.00000e+00
29	0	0	0	1	3	0.00000e+00	0.00000e+00	0.00000e+00
29	0	1	0	1	3	0.00000e+00	0.00000e+00	0.00000e+00
29	0	2	0	1	3	0.00000e+00	0.00000e+00	0.00000e+00
29	0	3	0	1	3	0.00000e+00	0.00000e+00	0.00000e+00
29	0	4	0	1	3	0.00000e+00	0.00000e+00	0.00000e+00
29	0	5	0	1	3	0.00000e+00	0.00000e+00	0.00000e+00
29	0	6	0	1	3	0.00000e+00	0.00000e+00	0.00000e+00
29	0	7	0	1	3	0.00000e+00	0.00000e+00	0.00000e+00
29	0	8	0	1	3	0.00000e+00	0.00000e+00	0.00000e+00
29	0	9	0	1	3	0.00000e+00	0.00000e+00	0.00000e+00
29	0	10	0	1	3	0.00000e+00	0.00000e+00	0.00000e+00
29	0	11	0	1	3	0.00000e+00	0.00000e+00	0.00000e+00
29	0	12	0	1	3	0.00000e+00	0.00000e+00	0.00000e+00
29	0	13	0	1	3	0.00000e+00	0.00000e+00	0.00000e+00
29	0	14	0	1	3	0.00000e+00	0.00000e+00	0.00000e+00
29	0	15	0	1	3	0.00000e+00	0.00000e+00	0.00000e+00
29	0	16	0	1	3	0.00000e+00	0.00000e+00	0.00000e+00
29	0	17	0	1	3	0.00000e+00	0.00000e+00	0.00000e+00
29	0	18	0	1	3	0.00000e+00	0.00000e+00	0.00000e+00
29	0	19	0	1	3	0.00000e+00	0.00000e+00	0.00000e+00
29	0	20	0	1	3	0.00000e+00	0.00000e+00	0.00000e+00
29	0	21	0	1	3	0.00000e+00	0.00000e+00	0.00000e+00
29	0	22	0	1	3	0.00000e+00	0.00000e+00	0.00000e+00
29	0	23	0	1	3	0.00000e+00	0.00000e+00	0.00000e+00
29	0	24	0	1	3	0.00000e+00	0.00000e+00	0.00000e+00
29	0	25	0	1	3	0.00000e+00	0.00000e+00	0.00000e+00
29	0	26	0	1	3	0.00000e+00	0.00000e+00	0.00000e+00
29	0	27	0	1	3	0.00000e+00	0.00000e+00	0.00000e+00
29	0	28	0	1	3	0.00000e+00	0.00000e+00	0.00000e+00
29	0	29	0	1	3	0.00000e+00	0.00000e+00	0.00000e+00
29	0	30	0	1	3	0.00000e+00	0.00000e+00	0.00000e+00
29	0	31	0	1	3	0.00000e+00	0.00000e+00	0.00000e+00
29	0	32	0	1	3	0.00000e+00	0.00000e+00	0.00000e+00
29	0	33	0	1	3	0.00000e+00	0.00000e+00	0.00000e+00
29	0	34	0	1	3	0.00000e+00	0.00000e+00	0.00000e+00
29	0	35	0	1	3	0.00000e+00	0.00000e+00	0.00000e+00
29	0	36	0	1	3	0.00000e+00	0.00000e+00	0.00000e+00
29	0	37	0	1	3	0.00000e+00	0.00000e+00	0.00000e+00
29	0	38	0	1	3	0.00000e+00	0.00000e+00	0.00000e+00
29	0	39	0	1	3	0.00000e+00	0.00000e+00	0.00000e+00
30	0	0	0	1	3	0.00000e+00	0.00000e+00	0.00000e+00
30	0	1	0	1	3	0.00000e+00	0.00000e+00	0.00000e+00
30	0	2	0	1	3	0.00000e+00	0.00000e+00	0.00000e+00
30	0	3	0	1	3	0.00000e+00	0.00000e+00	0.00000e+00
30	0	4	0	1	3	0.00000e+00	0.00000e+00	0.00000e+00
30	0	5	0	1	3	0.00000e+00	0.00000e+00	0.00000e+00
30	0	6	0	1	3	0.00000e+00	0.00000e+00	0.00000e+00
30	0	7	0	1	3	0.00000e+00	0.00000e+00	0.00000e+00
30	0	8	0	1	3	0.00000e+00	0.00000e+00	0.00000e+00
30	0	9	0	1	3	0.00000e+00	0.00000e+00	0.00000e+00
30	0	10	0	1	3	0.00000e+00	0.00000e+00	0.00000e+00
30	0	11	0	1	3	0.00000e+00	0.00000e+00	0.00000e+00
30	0	12	0	1	3	0.00000e+00	0.00000e+00	0.00000e+00
30	0	13	0	1	3	0.00000e+00	0.00000e+00	0.00000e+00
30	0	14	0	1	3	0.00000e+00	0.00000e+00	0.00000e+00
30	0	15	0	1	3	0.00000e+00	0.00000e+00	0.00000e+00
30	0	16	0	1	3	0.00000e+00	0.00000e+00	0.00000e+00
30	0	17	0	1	3	0.00000e+00	0.00000e+00	0.00000e+00
30	0	18	0	1	3	0.00000e+00	0.00000e+00	0.00000e+00
30	0	19	0	1	3	0.00000e+00	0.00000e+00	0.00000e+00
30	0	20	0	1	3	0.00000e+00	0.00000e+00	0.00000e+00
30	0	21	0	1	3	0.00000e+00	0.00000e+00	0.00000e+00
30	0	22	0	1	3	0.00000e+00	0.00000e+00	0.00000e+00
30	0	23	0	1	3	0.00000e+00	0.00000e+00	0.00000e+00
30	0	24	0	1	3	0.00000e+00	0.00000e+00	0.00000e+00
30	0	25	0	1	3	0.00000e+00	0.00000e+00	0.00000e+00
30	0	26	0	1	3	0.00000e+00	0.00000e+00	0.00000e+00
30	0	27	0	1	3	0.00000e+00	0.00000e+00	0.00000e+00
30	0	28	0	1	3	0.00000e+00	0.00000e+00	0.00000e+00
30	0	29	0	1	3	0.00000e+00	0.00000e+00	0.00000e+00
30	0	30	0	1	3	0.00000e+00	0.00000e+00	0.00000e+00
30	0	31	0	1	3	0.00000e+00	0.00000e+00	0.00000e+00
30	0	32	0	1	3	0.00000e+00	0.00000e+00	0.00000e+00
30	0	33	0	1	3	0.00000e+00	0.00000e+00	0.00000e+00
30	0	34	0	1	3	0.00000e+00	0.00000e+00	0.00000e+00
30	0	35	0	1	3	0.00000e+00	0.00000e+00	0.00000e+00
31	0	0	0	1	3	2.04955e+00	-1.43388e+00	0.00000e+00
31	0	1	0	1	3	1.77566e+00	-1.24336e+00	0.00000e+00
31	0	2	0	1	3	2.04955e+00	-1.43388e+00	0.00000e+00
31	0	3	0	1	3	1.77566e+00	-1.24336e+00	0.00000e+00
31	0	0	1	1	3	2.04955e+00	-1.43388e+00	0.00000e+00
31	0	1	1	1	3	1.77566e+00	-1.24336e+00	0.00000e+00
31	0	2	1	1	3	1.77007e+00	-1.25880e+00	0.00000e+00
31	0	3	1	1	3	2.17784e+00	-1.50183e+00	0.00000e+00
32	0	0	0	1	3	2.04955e+00	-1.43388e+00	0.00000e+00
32	0	1	0	1	3	1.77566e+00	-1.24336e+00	0.00000e+00
32	0	2	0	1	3	2.04955e+00	-1.43388e+00	0.00000e+00
32	0	3	0	1	3	1.77566e+00	-1.24336e+00	0.00000e+00
32	0	4	0	1	3	2.04955e+00	-1.43388e+00	0.00000e+00
32	0	5	0	1	3	1.77566e+00	-1.24336e+00	0.00000e+00
32	0	0	1	1	3	2.04955e+00	-1.43388e+00	0.00000e+00
32	0	1	1	1	3	1.77566e+00	-1.24336e+00	0.00000e+00
32	0	2	1	1	3	1.77007e+00	-1.25880e+00	0.00000e+00
32	0	3	1	1	3	2.17784e+00	-1.50183e+00	0.00000e+00
32	0	4	1	1	3	1.77007e+00	-1.25880e+00	0.00000e+00
32	0	5	1	1	3	2.17784e+00	-1.50183e+00	0.00000e+00
33	0	0	0	1	3	0.00000e+00	0.00000e+00	0.00000e+00
33	0	1	0	1	3	0.00000e+00	0.00000e+00	0.00000e+00
33	0	0	1	1	3	0.00000e+00	0.00000e+00	0.00000e+00
33	0	1	1	1	3	0.00000e+00	0.00000e+00	0.00000e+00
