##
#  file: HodoParam_0
#  date: 2021.05.11
#  note: after readjustment of finnal timing
#  bft +10ns (2021.05.19)
#  date: 2021.05.25
#  note: BH12, after readjustment by using 2021.05.25
#	 date: 2021.05.31
#  note: Modified BH2 ADC Parameters to realistic value. The values were determined by eyecheck.
#  date: 2021.06.13
#  note: Updated HTOF ADC Parameters (HTOF calib. runs)
#  date: 2021.07.08
#  note: BH2 ADC Parameters were adjusted to gaussian mean of Landau peaks, for All H-runs.
#  date: 2021.07.10
#  note: TOF ADC Parameters were updated.
#  date: 2021.07.20
#  note: vtof Parameters callibrated with scattering run(run 5395).
#  date: 2021.08.09
#  note: vtof Parameters re-callibrated with scattering run(run 5395).
#  date: 2021.08.13
#  note: vtof Parameters re-callibrated with production run(run 5477).
#  date: 2021.08.22
#  note: Updated HTOF ADC Parameters (defocus runs)
#  for BH2cable offset adjustment
#######################################################################
# CId   PlId    SegId   AorT    UorD    p0      p1
#
#########################################################
# BH1 Adc Up                                            #
#########################################################
1	0	0	0	0	78.2323	371.637
1	0	1	0	0	65.8965	416.851
1	0	2	0	0	125.36 	387.433
1	0	3	0	0	96.7696	255.424
1	0	4	0	0	124.354	299.521
1	0	5	0	0	94.6595	283.755
1	0	6	0	0	114.295	292.017
1	0	7	0	0	108.63 	232.584
1	0	8	0	0	142.743	369.845
1	0	9	0	0	116.632	477.882
1	0	10	0	0	78.5211	445.207
#########################################################
# BH1 Adc Down                                          #
#########################################################
1	0	0	0	1	107.589 434.099
1	0	1	0	1	77.4497	411.649
1	0	2	0	1	89.6891	336.943
1	0	3	0	1	100.014	339.987
1	0	4	0	1	148.174	196.876
1	0	5	0	1	109.796	290.88
1	0	6	0	1	100.784	281.512
1	0	7	0	1	115.068	206.226
1	0	8	0	1	74.7132	457.552
1	0	9	0	1	93.944 	360.952
1	0	10	0	1	114.398	406.504
#########################################################
# BH1 Tdc Up                                            #
#########################################################
1       0       0       1       0 524061 -0.0009390020
1       0       1       1       0 525775 -0.0009390020
1       0       2       1       0 525402 -0.0009390020
1       0       3       1       0 524384 -0.0009390020
1       0       4       1       0 526186 -0.0009390020
1       0       5       1       0 526145 -0.0009390020
1       0       6       1       0 526316 -0.0009390020
1       0       7       1       0 524471 -0.0009390020
1       0       8       1       0 526820 -0.0009390020
1       0       9       1       0 526499 -0.0009390020
1       0       10       1       0 526474 -0.0009390020
#########################################################
# BH1 Tdc Down                                          #
#########################################################
1       0       0       1       1 525653 -0.0009390020
1       0       1       1       1 526302 -0.0009390020
1       0       2       1       1 525991 -0.0009390020
1       0       3       1       1 525535 -0.0009390020
1       0       4       1       1 526314 -0.0009390020
1       0       5       1       1 526509 -0.0009390020
1       0       6       1       1 526820 -0.0009390020
1       0       7       1       1 525462 -0.0009390020
1       0       8       1       1 527122 -0.0009390020
1       0       9       1       1 526571 -0.0009390020
1       0       10       1       1 526566 -0.0009390020
#########################################################
# BH2 Adc Up                                            #
#########################################################
2	0	0	0	0	106.000	906
2	0	1	0	0	105.000	1131
2	0	2	0	0	120.000	790
2	0	3	0	0	77.000	763
2	0	4	0	0	122.000	939
2	0	5	0	0	107.000	779
2	0	6	0	0	114.000	586
2	0	7	0	0	101.000	822
#########################################################
# BH2 Adc Down                                          #
#########################################################
2	0	0	0	1	80.000	885
2	0	1	0	1	68.000	990
2	0	2	0	1	76.000	775
2	0	3	0	1	77.000	934
2	0	4	0	1	112.000	589
2	0	5	0	1	89.000	632
2	0	6	0	1	176.000	894
2	0	7	0	1	86.000	726
#########################################################
# BH2 Tdc Up                                            #
#########################################################
2       0       0       1       0 332031 -0.0009390020
2       0       1       1       0 334587 -0.0009390020
2       0       2       1       0 333267 -0.0009390020
2       0       3       1       0 333607 -0.0009390020
2       0       4       1       0 333984 -0.0009390020
2       0       5       1       0 333797 -0.0009390020
2       0       6       1       0 334484 -0.0009390020
2       0       7       1       0 333207 -0.0009390020
#########################################################
# BH2 Tdc Down                                          #
#########################################################
2       0       0       1       1 335229 -0.0009390020
2       0       1       1       1 335820 -0.0009390020
2       0       2       1       1 335189 -0.0009390020
2       0       3       1       1 333903 -0.0009390020
2       0       4       1       1 335038 -0.0009390020
2       0       5       1       1 333235 -0.0009390020
2       0       6       1       1 335573 -0.0009390020
2       0       7       1       1 333353 -0.0009390020
#########################################################
# BH2 cable offset                                      #
#########################################################
2 0 0 1 2 -0.0250234 1.0000000000
2 0 1 1 2 0.670509 1.0000000000
2 0 2 1 2 0.183045 1.0000000000
2 0 3 1 2 0.25044 1.0000000000
2 0 4 1 2 -0.142709 1.0000000000
2 0 5 1 2 0.000726098 1.0000000000
2 0 6 1 2 0.524248 1.0000000000
2 0 7 1 2 0.0229117 1.0000000000
#########################################################
# BAC Adc                                               #
#########################################################
3	0	0	0	0	100	500
#########################################################
# BAC Tdc                                               #
#########################################################
3	0	0	1	0	1156  -0.8333
#########################################################
# HTOF Adc Up                                           #
#########################################################
8 0 0 0 0 537.046 879.874
8 0 1 0 0 451.756 977.902
8 0 2 0 0 227.925 1003.75
8 0 3 0 0 468.426 917.592
8 0 4 0 0 213.07 974.607
8 0 5 0 0 459.209 807.527
8 0 6 0 0 506.283 1041.9
8 0 7 0 0 407.109 1054.88
8 0 8 0 0 391.051 1074.48
8 0 9 0 0 440.887 1104.38
8 0 10 0 0 458.675 1045.21
8 0 11 0 0 451.158 1363.05
8 0 12 0 0 448.431 1026.6
8 0 13 0 0 433.29 1028.1
8 0 14 0 0 416.605 943.217
8 0 15 0 0 466.955 916.424
8 0 16 0 0 441.021 891.394
8 0 17 0 0 385.198 850.2
8 0 18 0 0 428.297 845.008
8 0 19 0 0 469.317 851.192
8 0 20 0 0 447.411 873.777
8 0 21 0 0 467.946 858.285
8 0 22 0 0 444.545 927.686
8 0 23 0 0 427.753 885.079
8 0 24 0 0 460.249 842.983
8 0 25 0 0 419.274 799.109
8 0 26 0 0 455.709 1105.83
8 0 27 0 0 438.798 1114.01
8 0 28 0 0 396.88 1098.67
8 0 29 0 0 465.173 1143.2
8 0 30 0 0 446.491 1148.9
8 0 31 0 0 397.208 939.557
8 0 32 0 0 425.307 1061.01
8 0 33 0 0 402.984 1017.87
#########################################################
# HTOF Adc Down                                         #
#########################################################
8 0 0 0 1 452.807 799.704
8 0 1 0 1 209.711 1402.28
8 0 2 0 1 490.76 978.123
8 0 3 0 1 173.448 1268.81
8 0 4 0 1 450.936 944.704
8 0 5 0 1 454.823 944.505
8 0 6 0 1 478.94 1013.11
8 0 7 0 1 451.863 1058.46
8 0 8 0 1 284.389 888.517
8 0 9 0 1 194.711 775.434
8 0 10 0 1 458.551 944.754
8 0 11 0 1 356.189 798.393
8 0 12 0 1 428.71 1118.81
8 0 13 0 1 397.728 1131.79
8 0 14 0 1 432.496 929.617
8 0 15 0 1 424.217 912.421
8 0 16 0 1 412.997 871.707
8 0 17 0 1 435.823 889.154
8 0 18 0 1 478.245 909.052
8 0 19 0 1 461.781 835.987
8 0 20 0 1 436.225 755.131
8 0 21 0 1 466.454 845.673
8 0 22 0 1 469.286 969.817
8 0 23 0 1 434.707 876.191
8 0 24 0 1 483.015 972.639
8 0 25 0 1 420.735 803.828
8 0 26 0 1 172.726 776.705
8 0 27 0 1 231.777 744.619
8 0 28 0 1 431.753 1049.88
8 0 29 0 1 464.627 1071.37
8 0 30 0 1 460.04 1031.62
8 0 31 0 1 407.034 1047
8 0 32 0 1 443.936 1091.09
8 0 33 0 1 427.508 1146.95
#########################################################
# HTOF Tdc Up                                            #
#########################################################
8 0 0 1 0 997703 -0.0009390020
8 0 1 1 0 999919 -0.0009390020
8 0 2 1 0 999773 -0.0009390020
8 0 3 1 0 999315 -0.0009390020
8 0 4 1 0 1.00056e+06 -0.0009390020
8 0 5 1 0 998091 -0.0009390020
8 0 6 1 0 995449 -0.0009390020
8 0 7 1 0 996971 -0.0009390020
8 0 8 1 0 1.00015e+06 -0.0009390020
8 0 9 1 0 999432 -0.0009390020
8 0 10 1 0 998520 -0.0009390020
8 0 11 1 0 997810 -0.0009390020
8 0 12 1 0 998597 -0.0009390020
8 0 13 1 0 997355 -0.0009390020
8 0 14 1 0 997221 -0.0009390020
8 0 15 1 0 996723 -0.0009390020
8 0 16 1 0 991095 -0.0009390020
8 0 17 1 0 994753 -0.0009390020
8 0 18 1 0 994183 -0.0009390020
8 0 19 1 0 993758 -0.0009390020
8 0 20 1 0 994415 -0.0009390020
8 0 21 1 0 994301 -0.0009390020
8 0 22 1 0 994036 -0.0009390020
8 0 23 1 0 992768 -0.0009390020
8 0 24 1 0 994832 -0.0009390020
8 0 25 1 0 991688 -0.0009390020
8 0 26 1 0 994274 -0.0009390020
8 0 27 1 0 994357 -0.0009390020
8 0 28 1 0 991963 -0.0009390020
8 0 29 1 0 995209 -0.0009390020
8 0 30 1 0 994906 -0.0009390020
8 0 31 1 0 994714 -0.0009390020
8 0 32 1 0 995231 -0.0009390020
8 0 33 1 0 996331 -0.0009390020
#########################################################
# HTOF Tdc Down                                          #
#########################################################
8 0 0 1 1 1.00113e+06 -0.0009390020
8 0 1 1 1 1.00333e+06 -0.0009390020
8 0 2 1 1 997477 -0.0009390020
8 0 3 1 1 1.0026e+06 -0.0009390020
8 0 4 1 1 1.00217e+06 -0.0009390020
8 0 5 1 1 1.00181e+06 -0.0009390020
8 0 6 1 1 996136 -0.0009390020
8 0 7 1 1 1.00105e+06 -0.0009390020
8 0 8 1 1 1.00295e+06 -0.0009390020
8 0 9 1 1 1.00225e+06 -0.0009390020
8 0 10 1 1 1.00207e+06 -0.0009390020
8 0 11 1 1 1.00067e+06 -0.0009390020
8 0 12 1 1 1.00164e+06 -0.0009390020
8 0 13 1 1 1.00012e+06 -0.0009390020
8 0 14 1 1 1.00096e+06 -0.0009390020
8 0 15 1 1 1.00017e+06 -0.0009390020
8 0 16 1 1 998169 -0.0009390020
8 0 17 1 1 997443 -0.0009390020
8 0 18 1 1 997277 -0.0009390020
8 0 19 1 1 997291 -0.0009390020
8 0 20 1 1 997453 -0.0009390020
8 0 21 1 1 997084 -0.0009390020
8 0 22 1 1 997048 -0.0009390020
8 0 23 1 1 990866 -0.0009390020
8 0 24 1 1 992518 -0.0009390020
8 0 25 1 1 992592 -0.0009390020
8 0 26 1 1 997453 -0.0009390020
8 0 27 1 1 997736 -0.0009390020
8 0 28 1 1 997464 -0.0009390020
8 0 29 1 1 997228 -0.0009390020
8 0 30 1 1 997505 -0.0009390020
8 0 31 1 1 997390 -0.0009390020
8 0 32 1 1 995816 -0.0009390020
8 0 33 1 1 996249 -0.0009390020
#########################################################
### HTOF TOF                                            #
#########################################################
8 0 0 1 2 1.05 -1
8 0 1 1 2 1.11531 -1
8 0 2 1 2 1.10092 -1
8 0 3 1 2 1.07427 -1
8 0 4 1 2 1.11153 -1
8 0 5 1 2 1.08187 -1
8 0 6 1 2 1.3344 -1
8 0 7 1 2 1.4383 -1
8 0 8 1 2 1.75603 -1
8 0 9 1 2 1.99758 -1
8 0 10 1 2 2.27233 -1
8 0 11 1 2 2.40464 -1
8 0 12 1 2 2.6204 -1
8 0 13 1 2 2.80815 -1
8 0 14 1 2 3.01199 -1
8 0 15 1 2 2.93713 -1
8 0 16 1 2 3.14579 -1
8 0 17 1 2 3.33931 -1
8 0 18 1 2 3.39989 -1
8 0 19 1 2 3.3983 -1
8 0 20 1 2 3.39541 -1
8 0 21 1 2 3.41606 -1
8 0 22 1 2 3.33482 -1
8 0 23 1 2 3.14082 -1
8 0 24 1 2 2.99399 -1
8 0 25 1 2 2.87955 -1
8 0 26 1 2 2.90267 -1
8 0 27 1 2 2.59948 -1
8 0 28 1 2 2.36218 -1
8 0 29 1 2 2.18002 -1
8 0 30 1 2 1.83302 -1
8 0 31 1 2 1.7399 -1
8 0 32 1 2 1.31686 -1
8 0 33 1 2 1.14348 -1
#########################################################
# SCH Tdc                                               #
#########################################################
6       0       0       1       0 493.395 -1
6       0       1       1       0 493.89 -1
6       0       2       1       0 493.108 -1
6       0       3       1       0 493.077 -1
6       0       4       1       0 493.31 -1
6       0       5       1       0 493.37 -1
6       0       6       1       0 495.11 -1
6       0       7       1       0 495.106 -1
6       0       8       1       0 495.683 -1
6       0       9       1       0 494.526 -1
6       0       10       1       0 494.148 -1
6       0       11       1       0 492.442 -1
6       0       12       1       0 492.211 -1
6       0       13       1       0 491.825 -1
6       0       14       1       0 491.802 -1
6       0       15       1       0 492.207 -1
6       0       16       1       0 493.324 -1
6       0       17       1       0 492.148 -1
6       0       18       1       0 492.056 -1
6       0       19       1       0 492.006 -1
6       0       20       1       0 492.017 -1
6       0       21       1       0 492.08 -1
6       0       22       1       0 493.758 -1
6       0       23       1       0 493.493 -1
6       0       24       1       0 492.917 -1
6       0       25       1       0 493.409 -1
6       0       26       1       0 493.637 -1
6       0       27       1       0 491.842 -1
6       0       28       1       0 492.035 -1
6       0       29       1       0 492.666 -1
6       0       30       1       0 491.353 -1
6       0       31       1       0 490 -1
6       0       32       1       0 493.253 -1
6       0       33       1       0 493.116 -1
6       0       34       1       0 492.73 -1
6       0       35       1       0 493.691 -1
6       0       36       1       0 492.988 -1
6       0       37       1       0 492.828 -1
6       0       38       1       0 494.787 -1
6       0       39       1       0 495.084 -1
6       0       40       1       0 494.918 -1
6       0       41       1       0 495.367 -1
6       0       42       1       0 494.7 -1
6       0       43       1       0 493.454 -1
6       0       44       1       0 492.347 -1
6       0       45       1       0 492.423 -1
6       0       46       1       0 491.997 -1
6       0       47       1       0 491.429 -1
6       0       48       1       0 492.663 -1
6       0       49       1       0 491.832 -1
6       0       50       1       0 491.622 -1
6       0       51       1       0 491.521 -1
6       0       52       1       0 491.461 -1
6       0       53       1       0 492.253 -1
6       0       54       1       0 492.761 -1
6       0       55       1       0 493.782 -1
6       0       56       1       0 494.089 -1
6       0       57       1       0 491.836 -1
6       0       58       1       0 493.666 -1
6       0       59       1       0 493.069 -1
6       0       60       1       0 492.311 -1
6       0       61       1       0 492.72 -1
6       0       62       1       0 493.436 -1
6       0       63       1       0 490.401 -1
#########################################################
# BVH Tdc                                               #
#########################################################
9	0	0	1	0	500.000	-0.8333
9	0	1	1	0	500.000	-0.8333
9	0	2	1	0	500.000	-0.8333
9	0	3	1	0	500.000	-0.8333
#########################################################
# TOF Adc Up                                            #
#########################################################
7	0	0	0	0	203.5	715.784
7	0	1	0	0	184.5	686.244
7	0	2	0	0	226.5	717.169
7	0	3	0	0	101.5	179.950
7	0	4	0	0	206.5	836.092
7	0	5	0	0	187.5	751.947
7	0	6	0	0	188.5	749.372
7	0	7	0	0	165.5	790.985
7	0	8	0	0	176.5	654.93
7	0	9	0	0	153.5	866.306
7	0	10	0	0	179.5	760.915
7	0	11	0	0	188.5	939.466
7	0	12	0	0	173.5	907.878
7	0	13	0	0	159.5	759.707
7	0	14	0	0	157.5	847.119
7	0	15	0	0	145.5	883
7	0	16	0	0	147.5	813.789
7	0	17	0	0	87.5	892.733
7	0	18	0	0	156.5	760.786
7	0	19	0	0	151.5	765.834
7	0	20	0	0	171.5	500.721
7	0	21	0	0	181.5	741.789
7	0	22	0	0	136.5	643.964
7	0	23	0	0	174.5	752.419
#########################################################
# TOF Adc Down                                          #
#########################################################
7	0	0	0	1	222.5	816.302
7	0	1	0	1	119.5	691.901
7	0	2	0	1	162.5	679.607
7	0	3	0	1	184.5	811.44
7	0	4	0	1	158.5	885.392
7	0	5	0	1	152.5	767.841
7	0	6	0	1	148.5	738.243
7	0	7	0	1	176.5	890.37
7	0	8	0	1	67.5	324.356
7	0	9	0	1	151.5	1009.87
7	0	10	0	1	170.5	823.469
7	0	11	0	1	153.5	1141.03
7	0	12	0	1	142.5	872.357
7	0	13	0	1	131.5	1174.19
7	0	14	0	1	139.5	839.877
7	0	15	0	1	185.5	751.731
7	0	16	0	1	156.5	786.643
7	0	17	0	1	125.5	1185.83
7	0	18	0	1	179.5	851.992
7	0	19	0	1	123.5	998.214
7	0	20	0	1	146.5	775.758
7	0	21	0	1	132.5	991.607
7	0	22	0	1	154.5	856.382
7	0	23	0	1	153.5	954.44
#########################################################
# TOF Tdc Up                                            #
#########################################################
7 0 0 1 0 296433 -0.0009390020
7 0 1 1 0 299079 -0.0009390020
7 0 2 1 0 299615 -0.0009390020
7 0 3 1 0 303287 -0.0009390020
7 0 4 1 0 303081 -0.0009390020
7 0 5 1 0 300971 -0.0009390020
7 0 6 1 0 299448 -0.0009390020
7 0 7 1 0 300525 -0.0009390020
7 0 8 1 0 301176 -0.0009390020
7 0 9 1 0 301413 -0.0009390020
7 0 10 1 0 302024 -0.0009390020
7 0 11 1 0 300550 -0.0009390020
7 0 12 1 0 301234 -0.0009390020
7 0 13 1 0 300206 -0.0009390020
7 0 14 1 0 299358 -0.0009390020
7 0 15 1 0 300530 -0.0009390020
7 0 16 1 0 301156 -0.0009390020
7 0 17 1 0 302301 -0.0009390020
7 0 18 1 0 300107 -0.0009390020
7 0 19 1 0 301105 -0.0009390020
7 0 20 1 0 301837 -0.0009390020
7 0 21 1 0 300100 -0.0009390020
7 0 22 1 0 299552 -0.0009390020
7 0 23 1 0 294973 -0.0009390020
#########################################################
# TOF Tdc Down                                          #
#########################################################
7 0 0 1 1 297746 -0.0009390020
7 0 1 1 1 300118 -0.0009390020
7 0 2 1 1 300423 -0.0009390020
7 0 3 1 1 302200 -0.0009390020
7 0 4 1 1 303175 -0.0009390020
7 0 5 1 1 300929 -0.0009390020
7 0 6 1 1 299989 -0.0009390020
7 0 7 1 1 302392 -0.0009390020
7 0 8 1 1 300901 -0.0009390020
7 0 9 1 1 303436 -0.0009390020
7 0 10 1 1 302834 -0.0009390020
7 0 11 1 1 302133 -0.0009390020
7 0 12 1 1 302337 -0.0009390020
7 0 13 1 1 302563 -0.0009390020
7 0 14 1 1 301567 -0.0009390020
7 0 15 1 1 303327 -0.0009390020
7 0 16 1 1 302139 -0.0009390020
7 0 17 1 1 303024 -0.0009390020
7 0 18 1 1 302863 -0.0009390020
7 0 19 1 1 302850 -0.0009390020
7 0 20 1 1 303130 -0.0009390020
7 0 21 1 1 302906 -0.0009390020
7 0 22 1 1 299658 -0.0009390020
7 0 23 1 1 298280 -0.0009390020
#########################################################
### VTOF                                                #
#########################################################
7 0 0 1 2 19.6515 -1
7 0 1 1 2 17.6678 -1
7 0 2 1 2 15.9863 -1
7 0 3 1 2 13.9494 -1
7 0 4 1 2 13.6638 -1
7 0 5 1 2 13.3944 -1
7 0 6 1 2 13.3429 -1
7 0 7 1 2 12.9152 -1
7 0 8 1 2 13.0566 -1
7 0 9 1 2 12.6918 -1
7 0 10 1 2 13.2124 -1
7 0 11 1 2 13.0108 -1
7 0 12 1 2 13.1536 -1
7 0 13 1 2 12.9063 -1
7 0 14 1 2 13.1893 -1
7 0 15 1 2 13.1079 -1
7 0 16 1 2 13.6399 -1
7 0 17 1 2 13.5811 -1
7 0 18 1 2 14.239 -1
7 0 19 1 2 14.2219 -1
7 0 20 1 2 14.9031 -1
7 0 21 1 2 14.4977 -1
7 0 22 1 2 17.2895 -1
7 0 23 1 2 19.3973 -1
#########################################################
# LAC Tdc                                               #
#########################################################
12	0	0	1	0	264.632		-0.8333
12	0	1	1	0	264.262		-0.8333
12	0	2	1	0	264.444		-0.8333
12	0	3	1	0	262.44 		-0.8333
12	0	4	1	0	264.591		-0.8333
12	0	5	1	0	262.095		-0.8333
12	0	6	1	0	265.075		-0.8333
12	0	7	1	0	264.418		-0.8333
12	0	8	1	0	265.543		-0.8333
12	0	9	1	0	263.758		-0.8333
12	0	10	1	0	262.765		-0.8333
12	0	11	1	0	264.218		-0.8333
12	0	12	1	0	264.326		-0.8333
12	0	13	1	0	263.626		-0.8333
12	0	14	1	0	261.617		-0.8333
12	0	15	1	0	263.687		-0.8333
12	0	16	1	0	264.802		-0.8333
12	0	17	1	0	263.953		-0.8333
12	0	18	1	0	263.419		-0.8333
12	0	19	1	0	264.283		-0.8333
12	0	20	1	0	264.283		-0.8333
12	0	21	1	0	264.283		-0.8333
12	0	22	1	0	264.283		-0.8333
12	0	23	1	0	264.283		-0.8333
12	0	24	1	0	264.283		-0.8333
12	0	25	1	0	264.283		-0.8333
12	0	26	1	0	264.283		-0.8333
12	0	27	1	0	264.283		-0.8333
12	0	28	1	0	264.283		-0.8333
12	0	29	1	0	264.283		-0.8333
#########################################################
# WC Adc Up                                             #
#########################################################
13	0	0	0	0	277.213    322.613
13	0	1	0	0	142.163    187.563
13	0	2	0	0	291.906    337.306
13	0	3	0	0	162.43     207.83
13	0	4	0	0	263.358    308.758
13	0	5	0	0	180.357    225.757
13	0	6	0	0	205.949    251.349
13	0	7	0	0	279.856    325.256
13	0	8	0	0	249.617    295.017
13	0	9	0	0	290.162    335.562
13	0	10	0	0	242.805    288.205
13	0	11	0	0	88.7676    134.168
13	0	12	0	0	129.023    174.423
13	0	13	0	0	219.54     264.94
13	0	14	0	0	149.984    195.384
13	0	15	0	0	277.992    323.392
13	0	16	0	0	177.264    222.664
13	0	17	0	0	194.297    239.697
13	0	18	0	0	173.874    219.274
13	0	19	0	0	144.632    190.032
#########################################################
# WC Adc Down                                           #
#########################################################
13	0	0	0	1	169.812    215.212
13	0	1	0	1	122.068    167.468
13	0	2	0	1	131.469    176.869
13	0	3	0	1	185.777    231.177
13	0	4	0	1	181.172    226.572
13	0	5	0	1	138.339    183.739
13	0	6	0	1	158.581    203.981
13	0	7	0	1	155.785    201.185
13	0	8	0	1	140.002    185.402
13	0	9	0	1	181.385    226.785
13	0	10	0	1	175.433    220.833
13	0	11	0	1	158.362    203.762
13	0	12	0	1	171.879    217.279
13	0	13	0	1	147.89    193.29
13	0	14	0	1	170.527    215.927
13	0	15	0	1	143.058    188.458
13	0	16	0	1	158.308    203.708
13	0	17	0	1	149.135    194.535
13	0	18	0	1	92.8549    138.255
13	0	19	0	1	142.195    187.595
#########################################################
# WC Tdc Up                                             #
#########################################################
13	0	0	1	0	264.632		-0.8333
13	0	1	1	0	264.262		-0.8333
13	0	2	1	0	264.444		-0.8333
13	0	3	1	0	262.44 		-0.8333
13	0	4	1	0	264.591		-0.8333
13	0	5	1	0	262.095		-0.8333
13	0	6	1	0	265.075		-0.8333
13	0	7	1	0	264.418		-0.8333
13	0	8	1	0	265.543		-0.8333
13	0	9	1	0	263.758		-0.8333
13	0	10	1	0	262.765		-0.8333
13	0	11	1	0	264.218		-0.8333
13	0	12	1	0	264.326		-0.8333
13	0	13	1	0	263.626		-0.8333
13	0	14	1	0	261.617		-0.8333
13	0	15	1	0	263.687		-0.8333
13	0	16	1	0	264.802		-0.8333
13	0	17	1	0	263.953		-0.8333
13	0	18	1	0	263.419		-0.8333
13	0	19	1	0	264.283		-0.8333
#########################################################
# WC Tdc Down                                           #
#########################################################
13	0	0	1	1	266.558		-0.8333
13	0	1	1	1	264.282		-0.8333
13	0	2	1	1	263.876		-0.8333
13	0	3	1	1	264.148		-0.8333
13	0	4	1	1	263.198		-0.8333
13	0	5	1	1	262.901		-0.8333
13	0	6	1	1	266.543		-0.8333
13	0	7	1	1	265.384		-0.8333
13	0	8	1	1	265.255		-0.8333
13	0	9	1	1	263.428		-0.8333
13	0	10	1	1	264.592		-0.8333
13	0	11	1	1	262.015		-0.8333
13	0	12	1	1	264.165		-0.8333
13	0	13	1	1	263.72 		-0.8333
13	0	14	1	1	264.397		-0.8333
13	0	15	1	1	265.34 		-0.8333
13	0	16	1	1	265.74		-0.8333
13	0	17	1	1	265.587		-0.8333
13	0	18	1	1	262.753		-0.8333
13	0	19	1	1	262.756		-0.8333
#########################################################
# WC SUM Adc                                            #
#########################################################
14	0	0	0	0	357.162    379.962
14	0	1	0	0	234.087    256.887
14	0	2	0	0	356.191    378.991
14	0	3	0	0	441.846    464.646
14	0	4	0	0	373.337    396.137
14	0	5	0	0	651.894    674.694
14	0	6	0	0	480.702    503.502
14	0	7	0	0	298.91     321.71
14	0	8	0	0	305.45     328.25
14	0	9	0	0	294.197    316.997
14	0	10	0	0	291.751    314.551
14	0	11	0	0	182.184    204.984
14	0	12	0	0	74.4955    97.2955
14	0	13	0	0	116.605    139.405
14	0	14	0	0	205.58     228.38
14	0	15	0	0	157.466    180.266
14	0	16	0	0	96.0163    118.816
14	0	17	0	0	284.552    307.352
14	0	18	0	0	253.383    276.183
14	0	19	0	0	153.63     176.43
#########################################################
# WC SUM Tdc                                            #
#########################################################
14	0	0	1	0	272.498		-0.8333
14	0	1	1	0	270.587		-0.8333
14	0	2	1	0	271.011		-0.8333
14	0	3	1	0	271.123		-0.8333
14	0	4	1	0	270.28 		-0.8333
14	0	5	1	0	270.162		-0.8333
14	0	6	1	0	271.963		-0.8333
14	0	7	1	0	271.628		-0.8333
14	0	8	1	0	271.599		-0.8333
14	0	9	1	0	270.006		-0.8333
14	0	10	1	0	271.534		-0.8333
14	0	11	1	0	269.025		-0.8333
14	0	12	1	0	269.562		-0.8333
14	0	13	1	0	269    		-0.8333
14	0	14	1	0	269.35 		-0.8333
14	0	15	1	0	271.72 		-0.8333
14	0	16	1	0	269.122		-0.8333
14	0	17	1	0	269.859		-0.8333
14	0	18	1	0	269.613		-0.8333
14	0	19	1	0	268.98 		-0.8333
#########################################################
# BFT-U Tdc                                             #
#########################################################
110     0       0       1       0 684.042 -1
110     0       1       1       0 685.829 -1
110     0       2       1       0 683.446 -1
110     0       3       1       0 686.448 -1
110     0       4       1       0 683.911 -1
110     0       5       1       0 686.067 -1
110     0       6       1       0 684.239 -1
110     0       7       1       0 687.308 -1
110     0       8       1       0 683.898 -1
110     0       9       1       0 686.675 -1
110     0       10       1       0 684.717 -1
110     0       11       1       0 687.486 -1
110     0       12       1       0 683.853 -1
110     0       13       1       0 687.593 -1
110     0       14       1       0 684.548 -1
110     0       15       1       0 687.404 -1
110     0       16       1       0 685.084 -1
110     0       17       1       0 687.813 -1
110     0       18       1       0 684.271 -1
110     0       19       1       0 685.012 -1
110     0       20       1       0 685.069 -1
110     0       21       1       0 687.967 -1
110     0       22       1       0 684.287 -1
110     0       23       1       0 686.531 -1
110     0       24       1       0 685.98 -1
110     0       25       1       0 688.005 -1
110     0       26       1       0 684.598 -1
110     0       27       1       0 686.37 -1
110     0       28       1       0 684.551 -1
110     0       29       1       0 687.825 -1
110     0       30       1       0 684.465 -1
110     0       31       1       0 686.716 -1
110     0       32       1       0 685.246 -1
110     0       33       1       0 685.22 -1
110     0       34       1       0 684.403 -1
110     0       35       1       0 686.829 -1
110     0       36       1       0 684.902 -1
110     0       37       1       0 688.256 -1
110     0       38       1       0 683.533 -1
110     0       39       1       0 686.005 -1
110     0       40       1       0 683.77 -1
110     0       41       1       0 687.161 -1
110     0       42       1       0 683.523 -1
110     0       43       1       0 686.852 -1
110     0       44       1       0 684.015 -1
110     0       45       1       0 687.262 -1
110     0       46       1       0 683.534 -1
110     0       47       1       0 686.968 -1
110     0       48       1       0 684.469 -1
110     0       49       1       0 688.132 -1
110     0       50       1       0 684.153 -1
110     0       51       1       0 686.101 -1
110     0       52       1       0 684.394 -1
110     0       53       1       0 686.701 -1
110     0       54       1       0 683.444 -1
110     0       55       1       0 686.177 -1
110     0       56       1       0 684.608 -1
110     0       57       1       0 687.45 -1
110     0       58       1       0 683.754 -1
110     0       59       1       0 686.9 -1
110     0       60       1       0 683.064 -1
110     0       61       1       0 685.57 -1
110     0       62       1       0 683.155 -1
110     0       63       1       0 686.133 -1
110     0       64       1       0 682.121 -1
110     0       65       1       0 683.295 -1
110     0       66       1       0 683.524 -1
110     0       67       1       0 683.289 -1
110     0       68       1       0 682.835 -1
110     0       69       1       0 684.028 -1
110     0       70       1       0 682.678 -1
110     0       71       1       0 684.398 -1
110     0       72       1       0 682.549 -1
110     0       73       1       0 684.023 -1
110     0       74       1       0 683.937 -1
110     0       75       1       0 684.636 -1
110     0       76       1       0 683.375 -1
110     0       77       1       0 684.447 -1
110     0       78       1       0 683.479 -1
110     0       79       1       0 684.337 -1
110     0       80       1       0 684.58 -1
110     0       81       1       0 685.474 -1
110     0       82       1       0 684.109 -1
110     0       83       1       0 684.859 -1
110     0       84       1       0 684.398 -1
110     0       85       1       0 685.228 -1
110     0       86       1       0 683.341 -1
110     0       87       1       0 684.823 -1
110     0       88       1       0 684.622 -1
110     0       89       1       0 685.542 -1
110     0       90       1       0 683.365 -1
110     0       91       1       0 684.172 -1
110     0       92       1       0 685.294 -1
110     0       93       1       0 685.803 -1
110     0       94       1       0 683.736 -1
110     0       95       1       0 684.592 -1
110     0       96       1       0 684.418 -1
110     0       97       1       0 685.241 -1
110     0       98       1       0 683.3 -1
110     0       99       1       0 684.192 -1
110     0       100       1       0 684.959 -1
110     0       101       1       0 685.37 -1
110     0       102       1       0 683.661 -1
110     0       103       1       0 683.896 -1
110     0       104       1       0 683.222 -1
110     0       105       1       0 684.675 -1
110     0       106       1       0 683.581 -1
110     0       107       1       0 684.137 -1
110     0       108       1       0 683.859 -1
110     0       109       1       0 684.881 -1
110     0       110       1       0 682.674 -1
110     0       111       1       0 684.014 -1
110     0       112       1       0 684.44 -1
110     0       113       1       0 685.857 -1
110     0       114       1       0 684.108 -1
110     0       115       1       0 683.664 -1
110     0       116       1       0 684.318 -1
110     0       117       1       0 685.198 -1
110     0       118       1       0 682.808 -1
110     0       119       1       0 683.132 -1
110     0       120       1       0 684.259 -1
110     0       121       1       0 684.23 -1
110     0       122       1       0 683.536 -1
110     0       123       1       0 683.756 -1
110     0       124       1       0 684.051 -1
110     0       125       1       0 681.807 -1
110     0       126       1       0 682.949 -1
110     0       127       1       0 683.402 -1
110     0       128       1       0 683.666 -1
110     0       129       1       0 683.385 -1
110     0       130       1       0 682.081 -1
110     0       131       1       0 681.48 -1
110     0       132       1       0 684.5 -1
110     0       133       1       0 684.588 -1
110     0       134       1       0 681.897 -1
110     0       135       1       0 682.175 -1
110     0       136       1       0 683.096 -1
110     0       137       1       0 683.383 -1
110     0       138       1       0 683.069 -1
110     0       139       1       0 682.25 -1
110     0       140       1       0 683.626 -1
110     0       141       1       0 683.026 -1
110     0       142       1       0 683.062 -1
110     0       143       1       0 682.991 -1
110     0       144       1       0 684.498 -1
110     0       145       1       0 684.264 -1
110     0       146       1       0 683.666 -1
110     0       147       1       0 684.189 -1
110     0       148       1       0 683.421 -1
110     0       149       1       0 683.222 -1
110     0       150       1       0 683.773 -1
110     0       151       1       0 683.687 -1
110     0       152       1       0 683.365 -1
110     0       153       1       0 683.471 -1
110     0       154       1       0 683.805 -1
110     0       155       1       0 683.615 -1
110     0       156       1       0 682.828 -1
110     0       157       1       0 682.463 -1
110     0       158       1       0 684.626 -1
110     0       159       1       0 684.181 -1
#########################################################
# BFT-D Tdc                                             #
#########################################################
110     1       0       1       0 683.8 -1
110     1       1       1       0 684.473 -1
110     1       2       1       0 682.482 -1
110     1       3       1       0 684.617 -1
110     1       4       1       0 682.508 -1
110     1       5       1       0 684.472 -1
110     1       6       1       0 683.5 -1
110     1       7       1       0 684.629 -1
110     1       8       1       0 683.299 -1
110     1       9       1       0 684.9 -1
110     1       10       1       0 684.12 -1
110     1       11       1       0 686.071 -1
110     1       12       1       0 683.829 -1
110     1       13       1       0 685.012 -1
110     1       14       1       0 684.055 -1
110     1       15       1       0 685.232 -1
110     1       16       1       0 684.992 -1
110     1       17       1       0 685.732 -1
110     1       18       1       0 684.258 -1
110     1       19       1       0 685.892 -1
110     1       20       1       0 684.719 -1
110     1       21       1       0 685.986 -1
110     1       22       1       0 683.912 -1
110     1       23       1       0 685.098 -1
110     1       24       1       0 685.305 -1
110     1       25       1       0 686.025 -1
110     1       26       1       0 684.158 -1
110     1       27       1       0 685.811 -1
110     1       28       1       0 685.075 -1
110     1       29       1       0 685.91 -1
110     1       30       1       0 683.891 -1
110     1       31       1       0 684.753 -1
110     1       32       1       0 682.684 -1
110     1       33       1       0 683.974 -1
110     1       34       1       0 683.521 -1
110     1       35       1       0 685.346 -1
110     1       36       1       0 685.13 -1
110     1       37       1       0 684.792 -1
110     1       38       1       0 684.097 -1
110     1       39       1       0 684.794 -1
110     1       40       1       0 684.129 -1
110     1       41       1       0 685.091 -1
110     1       42       1       0 683.13 -1
110     1       43       1       0 684.664 -1
110     1       44       1       0 683.976 -1
110     1       45       1       0 684.991 -1
110     1       46       1       0 682.839 -1
110     1       47       1       0 685.203 -1
110     1       48       1       0 685.341 -1
110     1       49       1       0 685.84 -1
110     1       50       1       0 683.139 -1
110     1       51       1       0 684.441 -1
110     1       52       1       0 684.055 -1
110     1       53       1       0 684.879 -1
110     1       54       1       0 683.383 -1
110     1       55       1       0 684.286 -1
110     1       56       1       0 684.259 -1
110     1       57       1       0 685.407 -1
110     1       58       1       0 684.375 -1
110     1       59       1       0 685.016 -1
110     1       60       1       0 683.329 -1
110     1       61       1       0 684.761 -1
110     1       62       1       0 682.833 -1
110     1       63       1       0 684.119 -1
110     1       64       1       0 682.436 -1
110     1       65       1       0 683.185 -1
110     1       66       1       0 682.125 -1
110     1       67       1       0 682.8 -1
110     1       68       1       0 682.097 -1
110     1       69       1       0 683.216 -1
110     1       70       1       0 683.348 -1
110     1       71       1       0 684.218 -1
110     1       72       1       0 682.793 -1
110     1       73       1       0 684.145 -1
110     1       74       1       0 682.586 -1
110     1       75       1       0 684.38 -1
110     1       76       1       0 683.785 -1
110     1       77       1       0 684.495 -1
110     1       78       1       0 683.068 -1
110     1       79       1       0 684.209 -1
110     1       80       1       0 684.724 -1
110     1       81       1       0 684.774 -1
110     1       82       1       0 684.485 -1
110     1       83       1       0 684.366 -1
110     1       84       1       0 683.846 -1
110     1       85       1       0 684.458 -1
110     1       86       1       0 683.169 -1
110     1       87       1       0 682.795 -1
110     1       88       1       0 684.728 -1
110     1       89       1       0 684.75 -1
110     1       90       1       0 682.76 -1
110     1       91       1       0 683.986 -1
110     1       92       1       0 684.688 -1
110     1       93       1       0 685.423 -1
110     1       94       1       0 683.194 -1
110     1       95       1       0 683.863 -1
110     1       96       1       0 683.848 -1
110     1       97       1       0 684.983 -1
110     1       98       1       0 683.366 -1
110     1       99       1       0 683.698 -1
110     1       100       1       0 684.355 -1
110     1       101       1       0 684.843 -1
110     1       102       1       0 682.846 -1
110     1       103       1       0 683.643 -1
110     1       104       1       0 683.6 -1
110     1       105       1       0 684.19 -1
110     1       106       1       0 683.118 -1
110     1       107       1       0 683.156 -1
110     1       108       1       0 684.308 -1
110     1       109       1       0 683.924 -1
110     1       110       1       0 682.529 -1
110     1       111       1       0 684.209 -1
110     1       112       1       0 684.883 -1
110     1       113       1       0 685.545 -1
110     1       114       1       0 682.816 -1
110     1       115       1       0 683.52 -1
110     1       116       1       0 683.891 -1
110     1       117       1       0 684.352 -1
110     1       118       1       0 681.276 -1
110     1       119       1       0 683.289 -1
110     1       120       1       0 683.99 -1
110     1       121       1       0 684.475 -1
110     1       122       1       0 683.407 -1
110     1       123       1       0 684.28 -1
110     1       124       1       0 682.812 -1
110     1       125       1       0 683.432 -1
110     1       126       1       0 682.247 -1
110     1       127       1       0 683.489 -1
110     1       128       1       0 682.725 -1
110     1       129       1       0 682.55 -1
110     1       130       1       0 680.95 -1
110     1       131       1       0 681.489 -1
110     1       132       1       0 682.548 -1
110     1       133       1       0 682.632 -1
110     1       134       1       0 682.274 -1
110     1       135       1       0 681.889 -1
110     1       136       1       0 682.514 -1
110     1       137       1       0 682.255 -1
110     1       138       1       0 682.526 -1
110     1       139       1       0 683.117 -1
110     1       140       1       0 681.782 -1
110     1       141       1       0 681.839 -1
110     1       142       1       0 682.976 -1
110     1       143       1       0 683.486 -1
110     1       144       1       0 682.047 -1
110     1       145       1       0 682.331 -1
110     1       146       1       0 682.911 -1
110     1       147       1       0 682.943 -1
110     1       148       1       0 680.978 -1
110     1       149       1       0 682.34 -1
110     1       150       1       0 682.237 -1
110     1       151       1       0 682.429 -1
110     1       152       1       0 682.413 -1
110     1       153       1       0 682.44 -1
110     1       154       1       0 682.051 -1
110     1       155       1       0 682.549 -1
110     1       156       1       0 681.428 -1
110     1       157       1       0 682.493 -1
110     1       158       1       0 682.789 -1
110     1       159       1       0 683.329 -1
#########################################################
# TPC Clock                                             #
#########################################################
0	0	0	1	0	335452	-0.0009390020
