#PlId	WireId	p0	p1
0	0	1000	-0.8333333333
0	1	1000	-0.8333333333
0	2	1000	-0.8333333333
0	3	1000	-0.8333333333
0	4	1000	-0.8333333333
0	5	1000	-0.8333333333
0	6	1000	-0.8333333333
0	7	1000	-0.8333333333
0	8	1000	-0.8333333333
0	9	1000	-0.8333333333
0	10	1000	-0.8333333333
0	11	1000	-0.8333333333
0	12	1000	-0.8333333333
0	13	1000	-0.8333333333
0	14	1000	-0.8333333333
0	15	1000	-0.8333333333
0	16	1000	-0.8333333333
0	17	1000	-0.8333333333
0	18	1000	-0.8333333333
0	19	1000	-0.8333333333
0	20	1000	-0.8333333333
0	21	1000	-0.8333333333
0	22	1000	-0.8333333333
0	23	1000	-0.8333333333
0	24	1000	-0.8333333333
0	25	1000	-0.8333333333
0	26	1000	-0.8333333333
0	27	1000	-0.8333333333
0	28	1000	-0.8333333333
0	29	1000	-0.8333333333
0	30	1000	-0.8333333333
0	31	1000	-0.8333333333
1	0	1000	-0.8333333333
1	1	1000	-0.8333333333
1	2	1000	-0.8333333333
1	3	1000	-0.8333333333
1	4	1000	-0.8333333333
1	5	1000	-0.8333333333
1	6	1000	-0.8333333333
1	7	1000	-0.8333333333
1	8	1000	-0.8333333333
1	9	1000	-0.8333333333
1	10	1000	-0.8333333333
1	11	1000	-0.8333333333
1	12	1000	-0.8333333333
1	13	1000	-0.8333333333
1	14	1000	-0.8333333333
1	15	1000	-0.8333333333
1	16	1000	-0.8333333333
1	17	1000	-0.8333333333
1	18	1000	-0.8333333333
1	19	1000	-0.8333333333
1	20	1000	-0.8333333333
1	21	1000	-0.8333333333
1	22	1000	-0.8333333333
1	23	1000	-0.8333333333
1	24	1000	-0.8333333333
1	25	1000	-0.8333333333
1	26	1000	-0.8333333333
1	27	1000	-0.8333333333
1	28	1000	-0.8333333333
1	29	1000	-0.8333333333
1	30	1000	-0.8333333333
1	31	1000	-0.8333333333
2	0	1000	-0.8333333333
2	1	1000	-0.8333333333
2	2	1000	-0.8333333333
2	3	1000	-0.8333333333
2	4	1000	-0.8333333333
2	5	1000	-0.8333333333
2	6	1000	-0.8333333333
2	7	1000	-0.8333333333
2	8	1000	-0.8333333333
2	9	1000	-0.8333333333
2	10	1000	-0.8333333333
2	11	1000	-0.8333333333
2	12	1000	-0.8333333333
2	13	1000	-0.8333333333
2	14	1000	-0.8333333333
2	15	1000	-0.8333333333
2	16	1000	-0.8333333333
2	17	1000	-0.8333333333
2	18	1000	-0.8333333333
2	19	1000	-0.8333333333
2	20	1000	-0.8333333333
2	21	1000	-0.8333333333
2	22	1000	-0.8333333333
2	23	1000	-0.8333333333
2	24	1000	-0.8333333333
2	25	1000	-0.8333333333
2	26	1000	-0.8333333333
2	27	1000	-0.8333333333
2	28	1000	-0.8333333333
2	29	1000	-0.8333333333
2	30	1000	-0.8333333333
2	31	1000	-0.8333333333
3	0	1000	-0.8333333333
3	1	1000	-0.8333333333
3	2	1000	-0.8333333333
3	3	1000	-0.8333333333
3	4	1000	-0.8333333333
3	5	1000	-0.8333333333
3	6	1000	-0.8333333333
3	7	1000	-0.8333333333
3	8	1000	-0.8333333333
3	9	1000	-0.8333333333
3	10	1000	-0.8333333333
3	11	1000	-0.8333333333
3	12	1000	-0.8333333333
3	13	1000	-0.8333333333
3	14	1000	-0.8333333333
3	15	1000	-0.8333333333
3	16	1000	-0.8333333333
3	17	1000	-0.8333333333
3	18	1000	-0.8333333333
3	19	1000	-0.8333333333
3	20	1000	-0.8333333333
3	21	1000	-0.8333333333
3	22	1000	-0.8333333333
3	23	1000	-0.8333333333
3	24	1000	-0.8333333333
3	25	1000	-0.8333333333
3	26	1000	-0.8333333333
3	27	1000	-0.8333333333
3	28	1000	-0.8333333333
3	29	1000	-0.8333333333
3	30	1000	-0.8333333333
3	31	1000	-0.8333333333
4	0	1000	-0.8333333333
4	1	1000	-0.8333333333
4	2	1000	-0.8333333333
4	3	1000	-0.8333333333
4	4	1000	-0.8333333333
4	5	1000	-0.8333333333
4	6	1000	-0.8333333333
4	7	1000	-0.8333333333
4	8	1000	-0.8333333333
4	9	1000	-0.8333333333
4	10	1000	-0.8333333333
4	11	1000	-0.8333333333
4	12	1000	-0.8333333333
4	13	1000	-0.8333333333
4	14	1000	-0.8333333333
4	15	1000	-0.8333333333
4	16	1000	-0.8333333333
4	17	1000	-0.8333333333
4	18	1000	-0.8333333333
4	19	1000	-0.8333333333
4	20	1000	-0.8333333333
4	21	1000	-0.8333333333
4	22	1000	-0.8333333333
4	23	1000	-0.8333333333
4	24	1000	-0.8333333333
4	25	1000	-0.8333333333
4	26	1000	-0.8333333333
4	27	1000	-0.8333333333
4	28	1000	-0.8333333333
4	29	1000	-0.8333333333
4	30	1000	-0.8333333333
4	31	1000	-0.8333333333
5	0	1000	-0.8333333333
5	1	1000	-0.8333333333
5	2	1000	-0.8333333333
5	3	1000	-0.8333333333
5	4	1000	-0.8333333333
5	5	1000	-0.8333333333
5	6	1000	-0.8333333333
5	7	1000	-0.8333333333
5	8	1000	-0.8333333333
5	9	1000	-0.8333333333
5	10	1000	-0.8333333333
5	11	1000	-0.8333333333
5	12	1000	-0.8333333333
5	13	1000	-0.8333333333
5	14	1000	-0.8333333333
5	15	1000	-0.8333333333
5	16	1000	-0.8333333333
5	17	1000	-0.8333333333
5	18	1000	-0.8333333333
5	19	1000	-0.8333333333
5	20	1000	-0.8333333333
5	21	1000	-0.8333333333
5	22	1000	-0.8333333333
5	23	1000	-0.8333333333
5	24	1000	-0.8333333333
5	25	1000	-0.8333333333
5	26	1000	-0.8333333333
5	27	1000	-0.8333333333
5	28	1000	-0.8333333333
5	29	1000	-0.8333333333
5	30	1000	-0.8333333333
5	31	1000	-0.8333333333
6	0	1000	-0.8333333333
6	1	1000	-0.8333333333
6	2	1000	-0.8333333333
6	3	1000	-0.8333333333
6	4	1000	-0.8333333333
6	5	1000	-0.8333333333
6	6	1000	-0.8333333333
6	7	1000	-0.8333333333
6	8	1000	-0.8333333333
6	9	1000	-0.8333333333
6	10	1000	-0.8333333333
6	11	1000	-0.8333333333
6	12	1000	-0.8333333333
6	13	1000	-0.8333333333
6	14	1000	-0.8333333333
6	15	1000	-0.8333333333
6	16	1000	-0.8333333333
6	17	1000	-0.8333333333
6	18	1000	-0.8333333333
6	19	1000	-0.8333333333
6	20	1000	-0.8333333333
6	21	1000	-0.8333333333
6	22	1000	-0.8333333333
6	23	1000	-0.8333333333
6	24	1000	-0.8333333333
6	25	1000	-0.8333333333
6	26	1000	-0.8333333333
6	27	1000	-0.8333333333
6	28	1000	-0.8333333333
6	29	1000	-0.8333333333
6	30	1000	-0.8333333333
6	31	1000	-0.8333333333
7	0	1000	-0.8333333333
7	1	1000	-0.8333333333
7	2	1000	-0.8333333333
7	3	1000	-0.8333333333
7	4	1000	-0.8333333333
7	5	1000	-0.8333333333
7	6	1000	-0.8333333333
7	7	1000	-0.8333333333
7	8	1000	-0.8333333333
7	9	1000	-0.8333333333
7	10	1000	-0.8333333333
7	11	1000	-0.8333333333
7	12	1000	-0.8333333333
7	13	1000	-0.8333333333
7	14	1000	-0.8333333333
7	15	1000	-0.8333333333
7	16	1000	-0.8333333333
7	17	1000	-0.8333333333
7	18	1000	-0.8333333333
7	19	1000	-0.8333333333
7	20	1000	-0.8333333333
7	21	1000	-0.8333333333
7	22	1000	-0.8333333333
7	23	1000	-0.8333333333
7	24	1000	-0.8333333333
7	25	1000	-0.8333333333
7	26	1000	-0.8333333333
7	27	1000	-0.8333333333
7	28	1000	-0.8333333333
7	29	1000	-0.8333333333
7	30	1000	-0.8333333333
7	31	1000	-0.8333333333
8	0	1000	-0.8333333333
8	1	1000	-0.8333333333
8	2	1000	-0.8333333333
8	3	1000	-0.8333333333
8	4	1000	-0.8333333333
8	5	1000	-0.8333333333
8	6	1000	-0.8333333333
8	7	1000	-0.8333333333
8	8	1000	-0.8333333333
8	9	1000	-0.8333333333
8	10	1000	-0.8333333333
8	11	1000	-0.8333333333
8	12	1000	-0.8333333333
8	13	1000	-0.8333333333
8	14	1000	-0.8333333333
8	15	1000	-0.8333333333
8	16	1000	-0.8333333333
8	17	1000	-0.8333333333
8	18	1000	-0.8333333333
8	19	1000	-0.8333333333
8	20	1000	-0.8333333333
8	21	1000	-0.8333333333
8	22	1000	-0.8333333333
8	23	1000	-0.8333333333
8	24	1000	-0.8333333333
8	25	1000	-0.8333333333
8	26	1000	-0.8333333333
8	27	1000	-0.8333333333
8	28	1000	-0.8333333333
8	29	1000	-0.8333333333
8	30	1000	-0.8333333333
8	31	1000	-0.8333333333
9	0	1000	-0.8333333333
9	1	1000	-0.8333333333
9	2	1000	-0.8333333333
9	3	1000	-0.8333333333
9	4	1000	-0.8333333333
9	5	1000	-0.8333333333
9	6	1000	-0.8333333333
9	7	1000	-0.8333333333
9	8	1000	-0.8333333333
9	9	1000	-0.8333333333
9	10	1000	-0.8333333333
9	11	1000	-0.8333333333
9	12	1000	-0.8333333333
9	13	1000	-0.8333333333
9	14	1000	-0.8333333333
9	15	1000	-0.8333333333
9	16	1000	-0.8333333333
9	17	1000	-0.8333333333
9	18	1000	-0.8333333333
9	19	1000	-0.8333333333
9	20	1000	-0.8333333333
9	21	1000	-0.8333333333
9	22	1000	-0.8333333333
9	23	1000	-0.8333333333
9	24	1000	-0.8333333333
9	25	1000	-0.8333333333
9	26	1000	-0.8333333333
9	27	1000	-0.8333333333
9	28	1000	-0.8333333333
9	29	1000	-0.8333333333
9	30	1000	-0.8333333333
9	31	1000	-0.8333333333
10	0	1000	-0.8333333333
10	1	1000	-0.8333333333
10	2	1000	-0.8333333333
10	3	1000	-0.8333333333
10	4	1000	-0.8333333333
10	5	1000	-0.8333333333
10	6	1000	-0.8333333333
10	7	1000	-0.8333333333
10	8	1000	-0.8333333333
10	9	1000	-0.8333333333
10	10	1000	-0.8333333333
10	11	1000	-0.8333333333
10	12	1000	-0.8333333333
10	13	1000	-0.8333333333
10	14	1000	-0.8333333333
10	15	1000	-0.8333333333
10	16	1000	-0.8333333333
10	17	1000	-0.8333333333
10	18	1000	-0.8333333333
10	19	1000	-0.8333333333
10	20	1000	-0.8333333333
10	21	1000	-0.8333333333
10	22	1000	-0.8333333333
10	23	1000	-0.8333333333
10	24	1000	-0.8333333333
10	25	1000	-0.8333333333
10	26	1000	-0.8333333333
10	27	1000	-0.8333333333
10	28	1000	-0.8333333333
10	29	1000	-0.8333333333
10	30	1000	-0.8333333333
10	31	1000	-0.8333333333
11	0	1000	-0.8333333333
11	1	1000	-0.8333333333
11	2	1000	-0.8333333333
11	3	1000	-0.8333333333
11	4	1000	-0.8333333333
11	5	1000	-0.8333333333
11	6	1000	-0.8333333333
11	7	1000	-0.8333333333
11	8	1000	-0.8333333333
11	9	1000	-0.8333333333
11	10	1000	-0.8333333333
11	11	1000	-0.8333333333
11	12	1000	-0.8333333333
11	13	1000	-0.8333333333
11	14	1000	-0.8333333333
11	15	1000	-0.8333333333
11	16	1000	-0.8333333333
11	17	1000	-0.8333333333
11	18	1000	-0.8333333333
11	19	1000	-0.8333333333
11	20	1000	-0.8333333333
11	21	1000	-0.8333333333
11	22	1000	-0.8333333333
11	23	1000	-0.8333333333
11	24	1000	-0.8333333333
11	25	1000	-0.8333333333
11	26	1000	-0.8333333333
11	27	1000	-0.8333333333
11	28	1000	-0.8333333333
11	29	1000	-0.8333333333
11	30	1000	-0.8333333333
11	31	1000	-0.8333333333
12	0	1000	-0.8333333333
12	1	1000	-0.8333333333
12	2	1000	-0.8333333333
12	3	1000	-0.8333333333
12	4	1000	-0.8333333333
12	5	1000	-0.8333333333
12	6	1000	-0.8333333333
12	7	1000	-0.8333333333
12	8	1000	-0.8333333333
12	9	1000	-0.8333333333
12	10	1000	-0.8333333333
12	11	1000	-0.8333333333
12	12	1000	-0.8333333333
12	13	1000	-0.8333333333
12	14	1000	-0.8333333333
12	15	1000	-0.8333333333
12	16	1000	-0.8333333333
12	17	1000	-0.8333333333
12	18	1000	-0.8333333333
12	19	1000	-0.8333333333
12	20	1000	-0.8333333333
12	21	1000	-0.8333333333
12	22	1000	-0.8333333333
12	23	1000	-0.8333333333
12	24	1000	-0.8333333333
12	25	1000	-0.8333333333
12	26	1000	-0.8333333333
12	27	1000	-0.8333333333
12	28	1000	-0.8333333333
12	29	1000	-0.8333333333
12	30	1000	-0.8333333333
12	31	1000	-0.8333333333
13	0	1000	-0.8333333333
13	1	1000	-0.8333333333
13	2	1000	-0.8333333333
13	3	1000	-0.8333333333
13	4	1000	-0.8333333333
13	5	1000	-0.8333333333
13	6	1000	-0.8333333333
13	7	1000	-0.8333333333
13	8	1000	-0.8333333333
13	9	1000	-0.8333333333
13	10	1000	-0.8333333333
13	11	1000	-0.8333333333
13	12	1000	-0.8333333333
13	13	1000	-0.8333333333
13	14	1000	-0.8333333333
13	15	1000	-0.8333333333
13	16	1000	-0.8333333333
13	17	1000	-0.8333333333
13	18	1000	-0.8333333333
13	19	1000	-0.8333333333
13	20	1000	-0.8333333333
13	21	1000	-0.8333333333
13	22	1000	-0.8333333333
13	23	1000	-0.8333333333
13	24	1000	-0.8333333333
13	25	1000	-0.8333333333
13	26	1000	-0.8333333333
13	27	1000	-0.8333333333
13	28	1000	-0.8333333333
13	29	1000	-0.8333333333
13	30	1000	-0.8333333333
13	31	1000	-0.8333333333
14	0	1000	-0.8333333333
14	1	1000	-0.8333333333
14	2	1000	-0.8333333333
14	3	1000	-0.8333333333
14	4	1000	-0.8333333333
14	5	1000	-0.8333333333
14	6	1000	-0.8333333333
14	7	1000	-0.8333333333
14	8	1000	-0.8333333333
14	9	1000	-0.8333333333
14	10	1000	-0.8333333333
14	11	1000	-0.8333333333
14	12	1000	-0.8333333333
14	13	1000	-0.8333333333
14	14	1000	-0.8333333333
14	15	1000	-0.8333333333
14	16	1000	-0.8333333333
14	17	1000	-0.8333333333
14	18	1000	-0.8333333333
14	19	1000	-0.8333333333
14	20	1000	-0.8333333333
14	21	1000	-0.8333333333
14	22	1000	-0.8333333333
14	23	1000	-0.8333333333
14	24	1000	-0.8333333333
14	25	1000	-0.8333333333
14	26	1000	-0.8333333333
14	27	1000	-0.8333333333
14	28	1000	-0.8333333333
14	29	1000	-0.8333333333
14	30	1000	-0.8333333333
14	31	1000	-0.8333333333
15	0	1000	-0.8333333333
15	1	1000	-0.8333333333
15	2	1000	-0.8333333333
15	3	1000	-0.8333333333
15	4	1000	-0.8333333333
15	5	1000	-0.8333333333
15	6	1000	-0.8333333333
15	7	1000	-0.8333333333
15	8	1000	-0.8333333333
15	9	1000	-0.8333333333
15	10	1000	-0.8333333333
15	11	1000	-0.8333333333
15	12	1000	-0.8333333333
15	13	1000	-0.8333333333
15	14	1000	-0.8333333333
15	15	1000	-0.8333333333
15	16	1000	-0.8333333333
15	17	1000	-0.8333333333
15	18	1000	-0.8333333333
15	19	1000	-0.8333333333
15	20	1000	-0.8333333333
15	21	1000	-0.8333333333
15	22	1000	-0.8333333333
15	23	1000	-0.8333333333
15	24	1000	-0.8333333333
15	25	1000	-0.8333333333
15	26	1000	-0.8333333333
15	27	1000	-0.8333333333
15	28	1000	-0.8333333333
15	29	1000	-0.8333333333
15	30	1000	-0.8333333333
15	31	1000	-0.8333333333
16	0	1000	-0.8333333333
16	1	1000	-0.8333333333
16	2	1000	-0.8333333333
16	3	1000	-0.8333333333
16	4	1000	-0.8333333333
16	5	1000	-0.8333333333
16	6	1000	-0.8333333333
16	7	1000	-0.8333333333
16	8	1000	-0.8333333333
16	9	1000	-0.8333333333
16	10	1000	-0.8333333333
16	11	1000	-0.8333333333
16	12	1000	-0.8333333333
16	13	1000	-0.8333333333
16	14	1000	-0.8333333333
16	15	1000	-0.8333333333
16	16	1000	-0.8333333333
16	17	1000	-0.8333333333
16	18	1000	-0.8333333333
16	19	1000	-0.8333333333
16	20	1000	-0.8333333333
16	21	1000	-0.8333333333
16	22	1000	-0.8333333333
16	23	1000	-0.8333333333
16	24	1000	-0.8333333333
16	25	1000	-0.8333333333
16	26	1000	-0.8333333333
16	27	1000	-0.8333333333
16	28	1000	-0.8333333333
16	29	1000	-0.8333333333
16	30	1000	-0.8333333333
16	31	1000	-0.8333333333
17	0	1000	-0.8333333333
17	1	1000	-0.8333333333
17	2	1000	-0.8333333333
17	3	1000	-0.8333333333
17	4	1000	-0.8333333333
17	5	1000	-0.8333333333
17	6	1000	-0.8333333333
17	7	1000	-0.8333333333
17	8	1000	-0.8333333333
17	9	1000	-0.8333333333
17	10	1000	-0.8333333333
17	11	1000	-0.8333333333
17	12	1000	-0.8333333333
17	13	1000	-0.8333333333
17	14	1000	-0.8333333333
17	15	1000	-0.8333333333
17	16	1000	-0.8333333333
17	17	1000	-0.8333333333
17	18	1000	-0.8333333333
17	19	1000	-0.8333333333
17	20	1000	-0.8333333333
17	21	1000	-0.8333333333
17	22	1000	-0.8333333333
17	23	1000	-0.8333333333
17	24	1000	-0.8333333333
17	25	1000	-0.8333333333
17	26	1000	-0.8333333333
17	27	1000	-0.8333333333
17	28	1000	-0.8333333333
17	29	1000	-0.8333333333
17	30	1000	-0.8333333333
17	31	1000	-0.8333333333
18	0	1000	-0.8333333333
18	1	1000	-0.8333333333
18	2	1000	-0.8333333333
18	3	1000	-0.8333333333
18	4	1000	-0.8333333333
18	5	1000	-0.8333333333
18	6	1000	-0.8333333333
18	7	1000	-0.8333333333
18	8	1000	-0.8333333333
18	9	1000	-0.8333333333
18	10	1000	-0.8333333333
18	11	1000	-0.8333333333
18	12	1000	-0.8333333333
18	13	1000	-0.8333333333
18	14	1000	-0.8333333333
18	15	1000	-0.8333333333
18	16	1000	-0.8333333333
18	17	1000	-0.8333333333
18	18	1000	-0.8333333333
18	19	1000	-0.8333333333
18	20	1000	-0.8333333333
18	21	1000	-0.8333333333
18	22	1000	-0.8333333333
18	23	1000	-0.8333333333
18	24	1000	-0.8333333333
18	25	1000	-0.8333333333
18	26	1000	-0.8333333333
18	27	1000	-0.8333333333
18	28	1000	-0.8333333333
18	29	1000	-0.8333333333
18	30	1000	-0.8333333333
18	31	1000	-0.8333333333
19	0	1000	-0.8333333333
19	1	1000	-0.8333333333
19	2	1000	-0.8333333333
19	3	1000	-0.8333333333
19	4	1000	-0.8333333333
19	5	1000	-0.8333333333
19	6	1000	-0.8333333333
19	7	1000	-0.8333333333
19	8	1000	-0.8333333333
19	9	1000	-0.8333333333
19	10	1000	-0.8333333333
19	11	1000	-0.8333333333
19	12	1000	-0.8333333333
19	13	1000	-0.8333333333
19	14	1000	-0.8333333333
19	15	1000	-0.8333333333
19	16	1000	-0.8333333333
19	17	1000	-0.8333333333
19	18	1000	-0.8333333333
19	19	1000	-0.8333333333
19	20	1000	-0.8333333333
19	21	1000	-0.8333333333
19	22	1000	-0.8333333333
19	23	1000	-0.8333333333
19	24	1000	-0.8333333333
19	25	1000	-0.8333333333
19	26	1000	-0.8333333333
19	27	1000	-0.8333333333
19	28	1000	-0.8333333333
19	29	1000	-0.8333333333
19	30	1000	-0.8333333333
19	31	1000	-0.8333333333
20	0	1000	-0.8333333333
20	1	1000	-0.8333333333
20	2	1000	-0.8333333333
20	3	1000	-0.8333333333
20	4	1000	-0.8333333333
20	5	1000	-0.8333333333
20	6	1000	-0.8333333333
20	7	1000	-0.8333333333
20	8	1000	-0.8333333333
20	9	1000	-0.8333333333
20	10	1000	-0.8333333333
20	11	1000	-0.8333333333
20	12	1000	-0.8333333333
20	13	1000	-0.8333333333
20	14	1000	-0.8333333333
20	15	1000	-0.8333333333
20	16	1000	-0.8333333333
20	17	1000	-0.8333333333
20	18	1000	-0.8333333333
20	19	1000	-0.8333333333
20	20	1000	-0.8333333333
20	21	1000	-0.8333333333
20	22	1000	-0.8333333333
20	23	1000	-0.8333333333
20	24	1000	-0.8333333333
20	25	1000	-0.8333333333
20	26	1000	-0.8333333333
20	27	1000	-0.8333333333
20	28	1000	-0.8333333333
20	29	1000	-0.8333333333
20	30	1000	-0.8333333333
20	31	1000	-0.8333333333
21	0	1000	-0.8333333333
21	1	1000	-0.8333333333
21	2	1000	-0.8333333333
21	3	1000	-0.8333333333
21	4	1000	-0.8333333333
21	5	1000	-0.8333333333
21	6	1000	-0.8333333333
21	7	1000	-0.8333333333
21	8	1000	-0.8333333333
21	9	1000	-0.8333333333
21	10	1000	-0.8333333333
21	11	1000	-0.8333333333
21	12	1000	-0.8333333333
21	13	1000	-0.8333333333
21	14	1000	-0.8333333333
21	15	1000	-0.8333333333
21	16	1000	-0.8333333333
21	17	1000	-0.8333333333
21	18	1000	-0.8333333333
21	19	1000	-0.8333333333
21	20	1000	-0.8333333333
21	21	1000	-0.8333333333
21	22	1000	-0.8333333333
21	23	1000	-0.8333333333
21	24	1000	-0.8333333333
21	25	1000	-0.8333333333
21	26	1000	-0.8333333333
21	27	1000	-0.8333333333
21	28	1000	-0.8333333333
21	29	1000	-0.8333333333
21	30	1000	-0.8333333333
21	31	1000	-0.8333333333
22	0	1000	-0.8333333333
22	1	1000	-0.8333333333
22	2	1000	-0.8333333333
22	3	1000	-0.8333333333
22	4	1000	-0.8333333333
22	5	1000	-0.8333333333
22	6	1000	-0.8333333333
22	7	1000	-0.8333333333
22	8	1000	-0.8333333333
22	9	1000	-0.8333333333
22	10	1000	-0.8333333333
22	11	1000	-0.8333333333
22	12	1000	-0.8333333333
22	13	1000	-0.8333333333
22	14	1000	-0.8333333333
22	15	1000	-0.8333333333
22	16	1000	-0.8333333333
22	17	1000	-0.8333333333
22	18	1000	-0.8333333333
22	19	1000	-0.8333333333
22	20	1000	-0.8333333333
22	21	1000	-0.8333333333
22	22	1000	-0.8333333333
22	23	1000	-0.8333333333
22	24	1000	-0.8333333333
22	25	1000	-0.8333333333
22	26	1000	-0.8333333333
22	27	1000	-0.8333333333
22	28	1000	-0.8333333333
22	29	1000	-0.8333333333
22	30	1000	-0.8333333333
22	31	1000	-0.8333333333
23	0	1000	-0.8333333333
23	1	1000	-0.8333333333
23	2	1000	-0.8333333333
23	3	1000	-0.8333333333
23	4	1000	-0.8333333333
23	5	1000	-0.8333333333
23	6	1000	-0.8333333333
23	7	1000	-0.8333333333
23	8	1000	-0.8333333333
23	9	1000	-0.8333333333
23	10	1000	-0.8333333333
23	11	1000	-0.8333333333
23	12	1000	-0.8333333333
23	13	1000	-0.8333333333
23	14	1000	-0.8333333333
23	15	1000	-0.8333333333
23	16	1000	-0.8333333333
23	17	1000	-0.8333333333
23	18	1000	-0.8333333333
23	19	1000	-0.8333333333
23	20	1000	-0.8333333333
23	21	1000	-0.8333333333
23	22	1000	-0.8333333333
23	23	1000	-0.8333333333
23	24	1000	-0.8333333333
23	25	1000	-0.8333333333
23	26	1000	-0.8333333333
23	27	1000	-0.8333333333
23	28	1000	-0.8333333333
23	29	1000	-0.8333333333
23	30	1000	-0.8333333333
23	31	1000	-0.8333333333
24	0	1000	-0.8333333333
24	1	1000	-0.8333333333
24	2	1000	-0.8333333333
24	3	1000	-0.8333333333
24	4	1000	-0.8333333333
24	5	1000	-0.8333333333
24	6	1000	-0.8333333333
24	7	1000	-0.8333333333
24	8	1000	-0.8333333333
24	9	1000	-0.8333333333
24	10	1000	-0.8333333333
24	11	1000	-0.8333333333
24	12	1000	-0.8333333333
24	13	1000	-0.8333333333
24	14	1000	-0.8333333333
24	15	1000	-0.8333333333
24	16	1000	-0.8333333333
24	17	1000	-0.8333333333
24	18	1000	-0.8333333333
24	19	1000	-0.8333333333
24	20	1000	-0.8333333333
24	21	1000	-0.8333333333
24	22	1000	-0.8333333333
24	23	1000	-0.8333333333
24	24	1000	-0.8333333333
24	25	1000	-0.8333333333
24	26	1000	-0.8333333333
24	27	1000	-0.8333333333
24	28	1000	-0.8333333333
24	29	1000	-0.8333333333
24	30	1000	-0.8333333333
24	31	1000	-0.8333333333
25	0	1000	-0.8333333333
25	1	1000	-0.8333333333
25	2	1000	-0.8333333333
25	3	1000	-0.8333333333
25	4	1000	-0.8333333333
25	5	1000	-0.8333333333
25	6	1000	-0.8333333333
25	7	1000	-0.8333333333
25	8	1000	-0.8333333333
25	9	1000	-0.8333333333
25	10	1000	-0.8333333333
25	11	1000	-0.8333333333
25	12	1000	-0.8333333333
25	13	1000	-0.8333333333
25	14	1000	-0.8333333333
25	15	1000	-0.8333333333
25	16	1000	-0.8333333333
25	17	1000	-0.8333333333
25	18	1000	-0.8333333333
25	19	1000	-0.8333333333
25	20	1000	-0.8333333333
25	21	1000	-0.8333333333
25	22	1000	-0.8333333333
25	23	1000	-0.8333333333
25	24	1000	-0.8333333333
25	25	1000	-0.8333333333
25	26	1000	-0.8333333333
25	27	1000	-0.8333333333
25	28	1000	-0.8333333333
25	29	1000	-0.8333333333
25	30	1000	-0.8333333333
25	31	1000	-0.8333333333
26	0	1000	-0.8333333333
26	1	1000	-0.8333333333
26	2	1000	-0.8333333333
26	3	1000	-0.8333333333
26	4	1000	-0.8333333333
26	5	1000	-0.8333333333
26	6	1000	-0.8333333333
26	7	1000	-0.8333333333
26	8	1000	-0.8333333333
26	9	1000	-0.8333333333
26	10	1000	-0.8333333333
26	11	1000	-0.8333333333
26	12	1000	-0.8333333333
26	13	1000	-0.8333333333
26	14	1000	-0.8333333333
26	15	1000	-0.8333333333
26	16	1000	-0.8333333333
26	17	1000	-0.8333333333
26	18	1000	-0.8333333333
26	19	1000	-0.8333333333
26	20	1000	-0.8333333333
26	21	1000	-0.8333333333
26	22	1000	-0.8333333333
26	23	1000	-0.8333333333
26	24	1000	-0.8333333333
26	25	1000	-0.8333333333
26	26	1000	-0.8333333333
26	27	1000	-0.8333333333
26	28	1000	-0.8333333333
26	29	1000	-0.8333333333
26	30	1000	-0.8333333333
26	31	1000	-0.8333333333
27	0	1000	-0.8333333333
27	1	1000	-0.8333333333
27	2	1000	-0.8333333333
27	3	1000	-0.8333333333
27	4	1000	-0.8333333333
27	5	1000	-0.8333333333
27	6	1000	-0.8333333333
27	7	1000	-0.8333333333
27	8	1000	-0.8333333333
27	9	1000	-0.8333333333
27	10	1000	-0.8333333333
27	11	1000	-0.8333333333
27	12	1000	-0.8333333333
27	13	1000	-0.8333333333
27	14	1000	-0.8333333333
27	15	1000	-0.8333333333
27	16	1000	-0.8333333333
27	17	1000	-0.8333333333
27	18	1000	-0.8333333333
27	19	1000	-0.8333333333
27	20	1000	-0.8333333333
27	21	1000	-0.8333333333
27	22	1000	-0.8333333333
27	23	1000	-0.8333333333
27	24	1000	-0.8333333333
27	25	1000	-0.8333333333
27	26	1000	-0.8333333333
27	27	1000	-0.8333333333
27	28	1000	-0.8333333333
27	29	1000	-0.8333333333
27	30	1000	-0.8333333333
27	31	1000	-0.8333333333
28	0	1000	-0.8333333333
28	1	1000	-0.8333333333
28	2	1000	-0.8333333333
28	3	1000	-0.8333333333
28	4	1000	-0.8333333333
28	5	1000	-0.8333333333
28	6	1000	-0.8333333333
28	7	1000	-0.8333333333
28	8	1000	-0.8333333333
28	9	1000	-0.8333333333
28	10	1000	-0.8333333333
28	11	1000	-0.8333333333
28	12	1000	-0.8333333333
28	13	1000	-0.8333333333
28	14	1000	-0.8333333333
28	15	1000	-0.8333333333
28	16	1000	-0.8333333333
28	17	1000	-0.8333333333
28	18	1000	-0.8333333333
28	19	1000	-0.8333333333
28	20	1000	-0.8333333333
28	21	1000	-0.8333333333
28	22	1000	-0.8333333333
28	23	1000	-0.8333333333
28	24	1000	-0.8333333333
28	25	1000	-0.8333333333
28	26	1000	-0.8333333333
28	27	1000	-0.8333333333
28	28	1000	-0.8333333333
28	29	1000	-0.8333333333
28	30	1000	-0.8333333333
28	31	1000	-0.8333333333
29	0	1000	-0.8333333333
29	1	1000	-0.8333333333
29	2	1000	-0.8333333333
29	3	1000	-0.8333333333
29	4	1000	-0.8333333333
29	5	1000	-0.8333333333
29	6	1000	-0.8333333333
29	7	1000	-0.8333333333
29	8	1000	-0.8333333333
29	9	1000	-0.8333333333
29	10	1000	-0.8333333333
29	11	1000	-0.8333333333
29	12	1000	-0.8333333333
29	13	1000	-0.8333333333
29	14	1000	-0.8333333333
29	15	1000	-0.8333333333
29	16	1000	-0.8333333333
29	17	1000	-0.8333333333
29	18	1000	-0.8333333333
29	19	1000	-0.8333333333
29	20	1000	-0.8333333333
29	21	1000	-0.8333333333
29	22	1000	-0.8333333333
29	23	1000	-0.8333333333
29	24	1000	-0.8333333333
29	25	1000	-0.8333333333
29	26	1000	-0.8333333333
29	27	1000	-0.8333333333
29	28	1000	-0.8333333333
29	29	1000	-0.8333333333
29	30	1000	-0.8333333333
29	31	1000	-0.8333333333
30	0	1000	-0.8333333333
30	1	1000	-0.8333333333
30	2	1000	-0.8333333333
30	3	1000	-0.8333333333
30	4	1000	-0.8333333333
30	5	1000	-0.8333333333
30	6	1000	-0.8333333333
30	7	1000	-0.8333333333
30	8	1000	-0.8333333333
30	9	1000	-0.8333333333
30	10	1000	-0.8333333333
30	11	1000	-0.8333333333
30	12	1000	-0.8333333333
30	13	1000	-0.8333333333
30	14	1000	-0.8333333333
30	15	1000	-0.8333333333
30	16	1000	-0.8333333333
30	17	1000	-0.8333333333
30	18	1000	-0.8333333333
30	19	1000	-0.8333333333
30	20	1000	-0.8333333333
30	21	1000	-0.8333333333
30	22	1000	-0.8333333333
30	23	1000	-0.8333333333
30	24	1000	-0.8333333333
30	25	1000	-0.8333333333
30	26	1000	-0.8333333333
30	27	1000	-0.8333333333
30	28	1000	-0.8333333333
30	29	1000	-0.8333333333
30	30	1000	-0.8333333333
30	31	1000	-0.8333333333
31	0	1000	-0.8333333333
31	1	1000	-0.8333333333
31	2	1000	-0.8333333333
31	3	1000	-0.8333333333
31	4	1000	-0.8333333333
31	5	1000	-0.8333333333
31	6	1000	-0.8333333333
31	7	1000	-0.8333333333
31	8	1000	-0.8333333333
31	9	1000	-0.8333333333
31	10	1000	-0.8333333333
31	11	1000	-0.8333333333
31	12	1000	-0.8333333333
31	13	1000	-0.8333333333
31	14	1000	-0.8333333333
31	15	1000	-0.8333333333
31	16	1000	-0.8333333333
31	17	1000	-0.8333333333
31	18	1000	-0.8333333333
31	19	1000	-0.8333333333
31	20	1000	-0.8333333333
31	21	1000	-0.8333333333
31	22	1000	-0.8333333333
31	23	1000	-0.8333333333
31	24	1000	-0.8333333333
31	25	1000	-0.8333333333
31	26	1000	-0.8333333333
31	27	1000	-0.8333333333
31	28	1000	-0.8333333333
31	29	1000	-0.8333333333
31	30	1000	-0.8333333333
31	31	1000	-0.8333333333
32	0	1000	-0.8333333333
32	1	1000	-0.8333333333
32	2	1000	-0.8333333333
32	3	1000	-0.8333333333
32	4	1000	-0.8333333333
32	5	1000	-0.8333333333
32	6	1000	-0.8333333333
32	7	1000	-0.8333333333
32	8	1000	-0.8333333333
32	9	1000	-0.8333333333
32	10	1000	-0.8333333333
32	11	1000	-0.8333333333
32	12	1000	-0.8333333333
32	13	1000	-0.8333333333
32	14	1000	-0.8333333333
32	15	1000	-0.8333333333
33	0	1000	-0.8333333333
33	1	1000	-0.8333333333
33	2	1000	-0.8333333333
33	3	1000	-0.8333333333
33	4	1000	-0.8333333333
33	5	1000	-0.8333333333
33	6	1000	-0.8333333333
33	7	1000	-0.8333333333
33	8	1000	-0.8333333333
33	9	1000	-0.8333333333
33	10	1000	-0.8333333333
33	11	1000	-0.8333333333
33	12	1000	-0.8333333333
33	13	1000	-0.8333333333
33	14	1000	-0.8333333333
33	15	1000	-0.8333333333
34	0	1000	-0.8333333333
34	1	1000	-0.8333333333
34	2	1000	-0.8333333333
34	3	1000	-0.8333333333
34	4	1000	-0.8333333333
34	5	1000	-0.8333333333
34	6	1000	-0.8333333333
34	7	1000	-0.8333333333
34	8	1000	-0.8333333333
34	9	1000	-0.8333333333
34	10	1000	-0.8333333333
34	11	1000	-0.8333333333
34	12	1000	-0.8333333333
34	13	1000	-0.8333333333
34	14	1000	-0.8333333333
34	15	1000	-0.8333333333
35	0	1000	-0.8333333333
35	1	1000	-0.8333333333
35	2	1000	-0.8333333333
35	3	1000	-0.8333333333
35	4	1000	-0.8333333333
35	5	1000	-0.8333333333
35	6	1000	-0.8333333333
35	7	1000	-0.8333333333
35	8	1000	-0.8333333333
35	9	1000	-0.8333333333
35	10	1000	-0.8333333333
35	11	1000	-0.8333333333
35	12	1000	-0.8333333333
35	13	1000	-0.8333333333
35	14	1000	-0.8333333333
35	15	1000	-0.8333333333
36	0	1000	-0.8333333333
36	1	1000	-0.8333333333
36	2	1000	-0.8333333333
36	3	1000	-0.8333333333
36	4	1000	-0.8333333333
36	5	1000	-0.8333333333
36	6	1000	-0.8333333333
36	7	1000	-0.8333333333
36	8	1000	-0.8333333333
36	9	1000	-0.8333333333
36	10	1000	-0.8333333333
36	11	1000	-0.8333333333
36	12	1000	-0.8333333333
36	13	1000	-0.8333333333
36	14	1000	-0.8333333333
36	15	1000	-0.8333333333
37	0	1000	-0.8333333333
37	1	1000	-0.8333333333
37	2	1000	-0.8333333333
37	3	1000	-0.8333333333
37	4	1000	-0.8333333333
37	5	1000	-0.8333333333
37	6	1000	-0.8333333333
37	7	1000	-0.8333333333
37	8	1000	-0.8333333333
37	9	1000	-0.8333333333
37	10	1000	-0.8333333333
37	11	1000	-0.8333333333
37	12	1000	-0.8333333333
37	13	1000	-0.8333333333
37	14	1000	-0.8333333333
37	15	1000	-0.8333333333
38	0	1000	-0.8333333333
38	1	1000	-0.8333333333
38	2	1000	-0.8333333333
38	3	1000	-0.8333333333
38	4	1000	-0.8333333333
38	5	1000	-0.8333333333
38	6	1000	-0.8333333333
38	7	1000	-0.8333333333
38	8	1000	-0.8333333333
38	9	1000	-0.8333333333
38	10	1000	-0.8333333333
38	11	1000	-0.8333333333
38	12	1000	-0.8333333333
38	13	1000	-0.8333333333
38	14	1000	-0.8333333333
38	15	1000	-0.8333333333
39	0	1000	-0.8333333333
39	1	1000	-0.8333333333
39	2	1000	-0.8333333333
39	3	1000	-0.8333333333
39	4	1000	-0.8333333333
39	5	1000	-0.8333333333
39	6	1000	-0.8333333333
39	7	1000	-0.8333333333
39	8	1000	-0.8333333333
39	9	1000	-0.8333333333
39	10	1000	-0.8333333333
39	11	1000	-0.8333333333
39	12	1000	-0.8333333333
39	13	1000	-0.8333333333
39	14	1000	-0.8333333333
39	15	1000	-0.8333333333
40	0	1000	-0.8333333333
40	1	1000	-0.8333333333
40	2	1000	-0.8333333333
40	3	1000	-0.8333333333
40	4	1000	-0.8333333333
40	5	1000	-0.8333333333
40	6	1000	-0.8333333333
40	7	1000	-0.8333333333
40	8	1000	-0.8333333333
40	9	1000	-0.8333333333
40	10	1000	-0.8333333333
40	11	1000	-0.8333333333
40	12	1000	-0.8333333333
40	13	1000	-0.8333333333
40	14	1000	-0.8333333333
40	15	1000	-0.8333333333
40	16	1000	-0.8333333333
40	17	1000	-0.8333333333
40	18	1000	-0.8333333333
40	19	1000	-0.8333333333
40	20	1000	-0.8333333333
40	21	1000	-0.8333333333
40	22	1000	-0.8333333333
40	23	1000	-0.8333333333
40	24	1000	-0.8333333333
40	25	1000	-0.8333333333
40	26	1000	-0.8333333333
40	27	1000	-0.8333333333
40	28	1000	-0.8333333333
40	29	1000	-0.8333333333
40	30	1000	-0.8333333333
40	31	1000	-0.8333333333
41	0	1000	-0.8333333333
41	1	1000	-0.8333333333
41	2	1000	-0.8333333333
41	3	1000	-0.8333333333
41	4	1000	-0.8333333333
41	5	1000	-0.8333333333
41	6	1000	-0.8333333333
41	7	1000	-0.8333333333
41	8	1000	-0.8333333333
41	9	1000	-0.8333333333
41	10	1000	-0.8333333333
41	11	1000	-0.8333333333
41	12	1000	-0.8333333333
41	13	1000	-0.8333333333
41	14	1000	-0.8333333333
41	15	1000	-0.8333333333
41	16	1000	-0.8333333333
41	17	1000	-0.8333333333
41	18	1000	-0.8333333333
41	19	1000	-0.8333333333
41	20	1000	-0.8333333333
41	21	1000	-0.8333333333
41	22	1000	-0.8333333333
41	23	1000	-0.8333333333
41	24	1000	-0.8333333333
41	25	1000	-0.8333333333
41	26	1000	-0.8333333333
41	27	1000	-0.8333333333
41	28	1000	-0.8333333333
41	29	1000	-0.8333333333
41	30	1000	-0.8333333333
41	31	1000	-0.8333333333
42	0	1000	-0.8333333333
42	1	1000	-0.8333333333
42	2	1000	-0.8333333333
42	3	1000	-0.8333333333
42	4	1000	-0.8333333333
42	5	1000	-0.8333333333
42	6	1000	-0.8333333333
42	7	1000	-0.8333333333
42	8	1000	-0.8333333333
42	9	1000	-0.8333333333
42	10	1000	-0.8333333333
42	11	1000	-0.8333333333
42	12	1000	-0.8333333333
42	13	1000	-0.8333333333
42	14	1000	-0.8333333333
42	15	1000	-0.8333333333
42	16	1000	-0.8333333333
42	17	1000	-0.8333333333
42	18	1000	-0.8333333333
42	19	1000	-0.8333333333
42	20	1000	-0.8333333333
42	21	1000	-0.8333333333
42	22	1000	-0.8333333333
42	23	1000	-0.8333333333
42	24	1000	-0.8333333333
42	25	1000	-0.8333333333
42	26	1000	-0.8333333333
42	27	1000	-0.8333333333
42	28	1000	-0.8333333333
42	29	1000	-0.8333333333
42	30	1000	-0.8333333333
42	31	1000	-0.8333333333
43	0	1000	-0.8333333333
43	1	1000	-0.8333333333
43	2	1000	-0.8333333333
43	3	1000	-0.8333333333
43	4	1000	-0.8333333333
43	5	1000	-0.8333333333
43	6	1000	-0.8333333333
43	7	1000	-0.8333333333
43	8	1000	-0.8333333333
43	9	1000	-0.8333333333
43	10	1000	-0.8333333333
43	11	1000	-0.8333333333
43	12	1000	-0.8333333333
43	13	1000	-0.8333333333
43	14	1000	-0.8333333333
43	15	1000	-0.8333333333
43	16	1000	-0.8333333333
43	17	1000	-0.8333333333
43	18	1000	-0.8333333333
43	19	1000	-0.8333333333
43	20	1000	-0.8333333333
43	21	1000	-0.8333333333
43	22	1000	-0.8333333333
43	23	1000	-0.8333333333
43	24	1000	-0.8333333333
43	25	1000	-0.8333333333
43	26	1000	-0.8333333333
43	27	1000	-0.8333333333
43	28	1000	-0.8333333333
43	29	1000	-0.8333333333
43	30	1000	-0.8333333333
43	31	1000	-0.8333333333
44	0	1000	-0.8333333333
44	1	1000	-0.8333333333
44	2	1000	-0.8333333333
44	3	1000	-0.8333333333
44	4	1000	-0.8333333333
44	5	1000	-0.8333333333
44	6	1000	-0.8333333333
44	7	1000	-0.8333333333
44	8	1000	-0.8333333333
44	9	1000	-0.8333333333
44	10	1000	-0.8333333333
44	11	1000	-0.8333333333
44	12	1000	-0.8333333333
44	13	1000	-0.8333333333
44	14	1000	-0.8333333333
44	15	1000	-0.8333333333
44	16	1000	-0.8333333333
44	17	1000	-0.8333333333
44	18	1000	-0.8333333333
44	19	1000	-0.8333333333
44	20	1000	-0.8333333333
44	21	1000	-0.8333333333
44	22	1000	-0.8333333333
44	23	1000	-0.8333333333
44	24	1000	-0.8333333333
44	25	1000	-0.8333333333
44	26	1000	-0.8333333333
44	27	1000	-0.8333333333
44	28	1000	-0.8333333333
44	29	1000	-0.8333333333
44	30	1000	-0.8333333333
44	31	1000	-0.8333333333
45	0	1000	-0.8333333333
45	1	1000	-0.8333333333
45	2	1000	-0.8333333333
45	3	1000	-0.8333333333
45	4	1000	-0.8333333333
45	5	1000	-0.8333333333
45	6	1000	-0.8333333333
45	7	1000	-0.8333333333
45	8	1000	-0.8333333333
45	9	1000	-0.8333333333
45	10	1000	-0.8333333333
45	11	1000	-0.8333333333
45	12	1000	-0.8333333333
45	13	1000	-0.8333333333
45	14	1000	-0.8333333333
45	15	1000	-0.8333333333
45	16	1000	-0.8333333333
45	17	1000	-0.8333333333
45	18	1000	-0.8333333333
45	19	1000	-0.8333333333
45	20	1000	-0.8333333333
45	21	1000	-0.8333333333
45	22	1000	-0.8333333333
45	23	1000	-0.8333333333
45	24	1000	-0.8333333333
45	25	1000	-0.8333333333
45	26	1000	-0.8333333333
45	27	1000	-0.8333333333
45	28	1000	-0.8333333333
45	29	1000	-0.8333333333
45	30	1000	-0.8333333333
45	31	1000	-0.8333333333
46	0	1000	-0.8333333333
46	1	1000	-0.8333333333
46	2	1000	-0.8333333333
46	3	1000	-0.8333333333
46	4	1000	-0.8333333333
46	5	1000	-0.8333333333
46	6	1000	-0.8333333333
46	7	1000	-0.8333333333
46	8	1000	-0.8333333333
46	9	1000	-0.8333333333
46	10	1000	-0.8333333333
46	11	1000	-0.8333333333
46	12	1000	-0.8333333333
46	13	1000	-0.8333333333
46	14	1000	-0.8333333333
46	15	1000	-0.8333333333
46	16	1000	-0.8333333333
46	17	1000	-0.8333333333
46	18	1000	-0.8333333333
46	19	1000	-0.8333333333
46	20	1000	-0.8333333333
46	21	1000	-0.8333333333
46	22	1000	-0.8333333333
46	23	1000	-0.8333333333
46	24	1000	-0.8333333333
46	25	1000	-0.8333333333
46	26	1000	-0.8333333333
46	27	1000	-0.8333333333
46	28	1000	-0.8333333333
46	29	1000	-0.8333333333
46	30	1000	-0.8333333333
46	31	1000	-0.8333333333
47	0	1000	-0.8333333333
47	1	1000	-0.8333333333
47	2	1000	-0.8333333333
47	3	1000	-0.8333333333
47	4	1000	-0.8333333333
47	5	1000	-0.8333333333
47	6	1000	-0.8333333333
47	7	1000	-0.8333333333
47	8	1000	-0.8333333333
47	9	1000	-0.8333333333
47	10	1000	-0.8333333333
47	11	1000	-0.8333333333
47	12	1000	-0.8333333333
47	13	1000	-0.8333333333
47	14	1000	-0.8333333333
47	15	1000	-0.8333333333
47	16	1000	-0.8333333333
47	17	1000	-0.8333333333
47	18	1000	-0.8333333333
47	19	1000	-0.8333333333
47	20	1000	-0.8333333333
47	21	1000	-0.8333333333
47	22	1000	-0.8333333333
47	23	1000	-0.8333333333
47	24	1000	-0.8333333333
47	25	1000	-0.8333333333
47	26	1000	-0.8333333333
47	27	1000	-0.8333333333
47	28	1000	-0.8333333333
47	29	1000	-0.8333333333
47	30	1000	-0.8333333333
47	31	1000	-0.8333333333
