CId	PlId	WireId	p0	p1
100	0	0	1141.86	-0.83333
100	1	0	1141.92	-0.83333
100	2	0	1141.15	-0.83333
100	3	0	1143.6	-0.83333
100	4	0	1143.79	-0.83333
100	5	0	1142.93	-0.83333
100	6	0	1142.8	-0.83333
100	7	0	1142.4	-0.83333
100	8	0	1141.28	-0.83333
100	9	0	1142.87	-0.83333
100	10	0	1143.37	-0.83333
100	11	0	1142.44	-0.83333
100	12	0	1141.47	-0.83333
100	13	0	1142.53	-0.83333
100	14	0	1141.88	-0.83333
101	0	0	1187.15	-0.83333
101	1	0	1187.54	-0.83333
101	2	0	1186.99	-0.83333
101	3	0	1187.97	-0.83333
101	4	0	1186.82	-0.83333
101	5	0	1187.13	-0.83333
101	6	0	1185.73	-0.83333
101	7	0	1187.76	-0.83333
102	0	0	1186.8	-0.83333
102	1	0	1187.92	-0.83333
102	2	0	1185.18	-0.83333
102	3	0	1188.12	-0.83333
102	4	0	1185.68	-0.83333
102	5	0	1186.79	-0.83333
102	6	0	1185.67	-0.83333
102	7	0	1186.87	-0.83333
103	0	0	1177.29	-0.83333
103	1	0	1179.38	-0.83333
103	2	0	1174.42	-0.83333
103	3	0	1178.16	-0.83333
103	4	0	1177.78	-0.83333
103	5	0	1178.88	-0.83333
103	6	0	1176.38	-0.83333
103	7	0	1178.06	-0.83333
104	0	0	1176.7	-0.83333
104	1	0	1177.71	-0.83333
104	2	0	1176.17	-0.83333
104	3	0	1176.21	-0.83333
104	4	0	1176.62	-0.83333
104	5	0	1177.1	-0.83333
104	6	0	1174.96	-0.83333
104	7	0	1176.08	-0.83333
105	0	0	1133.3	-0.83333
105	1	0	1134.03	-0.83333
105	2	0	1129.98	-0.83333
105	3	0	1132.17	-0.83333
105	4	0	1132.2	-0.83333
105	5	0	1132.87	-0.83333
105	6	0	1129.02	-0.83333
105	7	0	1131.12	-0.83333
106	0	0	1131.98	-0.83333
106	1	0	1132.59	-0.83333
106	2	0	1130.45	-0.83333
106	3	0	1131.13	-0.83333
106	4	0	1131.56	-0.83333
106	5	0	1132.14	-0.83333
106	6	0	1139.45	-0.83333
106	7	0	1130.87	-0.83333
