CId	PlId	WireId	p0	p1
100	0	0	1141.86	-0.83333
100	1	0	1141.92	-0.83333
100	2	0	1141.15	-0.83333
100	3	0	1143.6	-0.83333
100	4	0	1143.79	-0.83333
100	5	0	1142.93	-0.83333
100	6	0	1142.8	-0.83333
100	7	0	1142.4	-0.83333
100	8	0	1141.28	-0.83333
100	9	0	1142.87	-0.83333
100	10	0	1143.37	-0.83333
100	11	0	1142.44	-0.83333
100	12	0	1141.47	-0.83333
100	13	0	1142.53	-0.83333
100	14	0	1141.88	-0.83333
101	0	0	1189.54	-0.83333
101	1	0	1190.07	-0.83333
101	2	0	1187.79	-0.83333
101	3	0	1189.24	-0.83333
101	4	0	1188.81	-0.83333
101	5	0	1189.24	-0.83333
101	6	0	1188.18	-0.83333
101	7	0	1188.6	-0.83333
102	0	0	1189.48	-0.83333
102	1	0	1190.35	-0.83333
102	2	0	1187.92	-0.83333
102	3	0	1189.31	-0.83333
102	4	0	1188.61	-0.83333
102	5	0	1189.42	-0.83333
102	6	0	1187.96	-0.83333
102	7	0	1189.31	-0.83333
103	0	0	1179.87	-0.83333
103	1	0	1181.15	-0.83333
103	2	0	1177.33	-0.83333
103	3	0	1180.22	-0.83333
103	4	0	1180.4	-0.83333
103	5	0	1181.35	-0.83333
103	6	0	1178.42	-0.83333
103	7	0	1180.97	-0.83333
104	0	0	1179.31	-0.83333
104	1	0	1179.56	-0.83333
104	2	0	1178.03	-0.83333
104	3	0	1178.91	-0.83333
104	4	0	1178.82	-0.83333
104	5	0	1179.79	-0.83333
104	6	0	1176.99	-0.83333
104	7	0	1177.46	-0.83333
105	0	0	1132.89	-0.83333
105	1	0	1133.69	-0.83333
105	2	0	1130.75	-0.83333
105	3	0	1131.92	-0.83333
105	4	0	1131.95	-0.83333
105	5	0	1132.7	-0.83333
105	6	0	1129.81	-0.83333
105	7	0	1131.46	-0.83333
106	0	0	1132.83	-0.83333
106	1	0	1132.95	-0.83333
106	2	0	1133.58	-0.83333
106	3	0	1134.25	-0.83333
106	4	0	1129.83	-0.83333
106	5	0	1132.0	-0.83333
106	6	0	1132.6	-0.83333
106	7	0	1132.61	-0.83333
