CId	PlId	SegId	UorD	Type	nParam	p0	p1	p2
100	0	-1	0	1	3	11.00e+01	-9.00e+00	0.00000e+00
100	1	-1	0	1	3	11.00e+01	-9.00e+00	0.00000e+00
100	2	-1	0	1	3	11.00e+01	-9.00e+00	0.00000e+00
100	3	-1	0	1	3	11.00e+01	-9.00e+00	0.00000e+00
100	4	-1	0	1	3	11.00e+01	-9.00e+00	0.00000e+00
100	5	-1	0	1	3	11.00e+01	-9.00e+00	0.00000e+00
100	6	-1	0	1	3	11.00e+01	-9.00e+00	0.00000e+00
100	7	-1	0	1	3	11.00e+01	-9.00e+00	0.00000e+00
100	8	-1	0	1	3	11.00e+01	-9.00e+00	0.00000e+00
100	9	-1	0	1	3	11.00e+01	-9.00e+00	0.00000e+00
100	10	-1	0	1	3	11.00e+01	-9.00e+00	0.00000e+00
100	11	-1	0	1	3	11.00e+01	-9.00e+00	0.00000e+00
100	12	-1	0	1	3	11.00e+01	-9.00e+00	0.00000e+00
100	13	-1	0	1	3	11.00e+01	-9.00e+00	0.00000e+00
100	14	-1	0	1	3	11.00e+01	-9.00e+00	0.00000e+00
