CID	Layer	Wire	npar	p0	p1	p2	p3	p4	p5
100	0	-1	6	1.86988e-02	4.49030e-03	3.33382e-05	-5.46250e-07	2.84693e-09	-5.13358e-12
100	1	-1	6	1.98437e-02	4.80394e-03	2.16171e-05	-3.87571e-07	1.91506e-09	-3.17343e-12
100	2	-1	6	1.71701e-02	5.12709e-03	1.06006e-05	-2.44557e-07	1.13557e-09	-1.69316e-12
100	3	-1	6	8.96162e-03	4.59130e-03	2.59180e-05	-4.03849e-07	1.88979e-09	-2.97431e-12
100	4	-1	6	6.11431e-03	4.62789e-03	2.25073e-05	-3.44865e-07	1.53040e-09	-2.26571e-12
100	5	-1	6	7.01342e-03	4.65577e-03	2.26321e-05	-3.50201e-07	1.55812e-09	-2.29797e-12
100	6	-1	6	5.90925e-03	4.78763e-03	1.75272e-05	-2.84619e-07	1.21606e-09	-1.69163e-12
100	7	-1	6	6.50178e-03	4.73230e-03	2.33429e-05	-3.92704e-07	1.89739e-09	-3.08639e-12
100	8	-1	6	7.41822e-03	4.85620e-03	1.87731e-05	-3.32400e-07	1.55903e-09	-2.41572e-12
100	9	-1	6	7.32833e-03	4.34935e-03	3.25975e-05	-5.04042e-07	2.53611e-09	-4.37286e-12
100	10	-1	6	6.88078e-03	4.73017e-03	2.34489e-05	-3.94824e-07	1.93297e-09	-3.16385e-12
100	11	-1	6	6.69839e-03	4.56043e-03	2.72893e-05	-4.35874e-07	2.12933e-09	-3.50564e-12
100	12	-1	6	7.97040e-03	4.69395e-03	2.22846e-05	-3.71697e-07	1.78855e-09	-2.86745e-12
100	13	-1	6	4.38871e-03	4.66079e-03	2.47049e-05	-4.10184e-07	2.03153e-09	-3.39088e-12
100	14	-1	6	7.09293e-03	4.49670e-03	2.86913e-05	-4.54365e-07	2.26165e-09	-3.84326e-12
