CID	Layer	Wire	npar	p0	p1	p2	p3	p4	p5
100	0	-1	6	1.95719e-02	4.68620e-03	3.42069e-05	-6.27481e-07	3.38983e-09	-6.17448e-12
100	1	-1	6	1.93559e-02	5.15570e-03	1.59003e-05	-3.72384e-07	1.91025e-09	-3.18517e-12
100	2	-1	6	1.69735e-02	5.61760e-03	1.99118e-06	-2.07062e-07	1.06885e-09	-1.67243e-12
100	3	-1	6	1.77285e-02	4.90789e-03	2.45679e-05	-4.69355e-07	2.37818e-09	-3.98039e-12
100	4	-1	6	1.18162e-02	5.04357e-03	1.82397e-05	-3.64776e-07	1.73404e-09	-2.68199e-12
100	5	-1	6	1.35730e-02	5.00400e-03	1.85056e-05	-3.65710e-07	1.74299e-09	-2.71957e-12
100	6	-1	6	1.32013e-02	5.37384e-03	6.42279e-06	-2.24094e-07	1.04708e-09	-1.52084e-12
100	7	-1	6	1.38440e-02	5.37817e-03	1.08491e-05	-3.16033e-07	1.60490e-09	-2.59037e-12
100	8	-1	6	1.37340e-02	5.55364e-03	4.22629e-06	-2.30334e-07	1.16122e-09	-1.80229e-12
100	9	-1	6	1.97916e-02	4.58255e-03	3.83987e-05	-6.76640e-07	3.58767e-09	-6.42931e-12
100	10	-1	6	1.77872e-02	4.84234e-03	2.82774e-05	-5.26655e-07	2.68415e-09	-4.54056e-12
100	11	-1	6	1.46036e-02	4.29816e-03	4.20158e-05	-6.45151e-07	3.11785e-09	-5.12411e-12
100	12	-1	6	1.60307e-02	4.72255e-03	2.77976e-05	-4.74345e-07	2.26115e-09	-3.59158e-12
100	13	-1	6	1.98956e-02	4.75763e-03	3.03975e-05	-5.54530e-07	2.83254e-09	-4.82355e-12
100	14	-1	6	1.74882e-02	4.76254e-03	2.79646e-05	-4.99590e-07	2.46037e-09	-4.03206e-12
