CID	Layer	Wire	npar	p0	p1	p2	p3	p4	p5
100	0	-1	6	1.98991e-02	3.90332e-03	5.45155e-05	-8.11214e-07	4.34873e-09	-8.29600e-12
100	1	-1	6	2.07685e-02	4.28172e-03	4.13638e-05	-6.21669e-07	3.13641e-09	-5.50421e-12
100	2	-1	6	1.58235e-02	4.78700e-03	2.48383e-05	-4.02510e-07	1.89289e-09	-3.00106e-12
100	3	-1	6	9.05356e-03	4.33724e-03	4.02875e-05	-5.97753e-07	2.96138e-09	-5.08293e-12
100	4	-1	6	9.93338e-03	4.37503e-03	3.55548e-05	-5.04120e-07	2.31706e-09	-3.63971e-12
100	5	-1	6	9.32296e-03	4.52359e-03	3.09745e-05	-4.52387e-07	2.07317e-09	-3.23225e-12
100	6	-1	6	8.91302e-03	4.60421e-03	2.68498e-05	-3.87358e-07	1.67898e-09	-2.43969e-12
100	7	-1	6	2.04322e-02	5.10241e-03	1.89180e-05	-3.73091e-07	1.88701e-09	-3.18870e-12
100	8	-1	6	7.70097e-03	4.64987e-03	2.78852e-05	-4.23270e-07	1.93448e-09	-2.99819e-12
100	9	-1	6	1.00177e-02	4.42376e-03	4.11800e-05	-6.48346e-07	3.36240e-09	-6.06367e-12
100	10	-1	6	7.77047e-03	4.50320e-03	3.48948e-05	-5.29582e-07	2.56143e-09	-4.26262e-12
100	11	-1	6	6.98138e-03	4.37714e-03	3.94811e-05	-5.83944e-07	2.82318e-09	-4.71202e-12
100	12	-1	6	8.73132e-03	4.52428e-03	3.19878e-05	-4.73717e-07	2.18982e-09	-3.45006e-12
100	13	-1	6	5.96769e-03	4.29863e-03	4.15054e-05	-6.13422e-07	3.02694e-09	-5.22491e-12
100	14	-1	6	7.73805e-03	3.86879e-03	5.07186e-05	-6.91580e-07	3.31158e-09	-5.57277e-12
