CId	PlId	SegId	UorD	Type	nParam	p0	p1	p2
0	0	0	0	1	3	5.25318e+00	-1.68495e+00	0.00000e+00
0	0	1	0	1	3	6.18779e+00	-2.02709e+00	0.00000e+00
0	0	2	0	1	3	5.41749e+00	-1.80078e+00	0.00000e+00
0	0	3	0	1	3	5.47145e+00	-1.82632e+00	0.00000e+00
0	0	4	0	1	3	4.90176e+00	-1.68743e+00	0.00000e+00
0	0	5	0	1	3	5.49678e+00	-1.81548e+00	0.00000e+00
0	0	6	0	1	3	6.50635e+00	-2.17949e+00	0.00000e+00
0	0	7	0	1	3	4.86653e+00	-1.59994e+00	0.00000e+00
0	0	8	0	1	3	5.29738e+00	-1.82574e+00	0.00000e+00
0	0	9	0	1	3	4.94253e+00	-1.66368e+00	0.00000e+00
0	0	10	0	1	3	5.01386e+00	-1.74622e+00	0.00000e+00
0	0	11	0	1	3	4.81763e+00	-1.55342e+00	0.00000e+00
0	0	12	0	1	3	5.09943e+00	-1.66279e+00	0.00000e+00
0	0	13	0	1	3	4.35188e+00	-1.54120e+00	0.00000e+00
0	0	14	0	1	3	4.58476e+00	-1.43238e+00	0.00000e+00
0	0	15	0	1	3	5.11240e+00	-1.63752e+00	0.00000e+00
0	0	16	0	1	3	5.63856e+00	-1.91971e+00	0.00000e+00
0	0	17	0	1	3	4.99366e+00	-1.58446e+00	0.00000e+00
0	0	18	0	1	3	5.88684e+00	-1.98586e+00	0.00000e+00
0	0	19	0	1	3	5.67670e+00	-1.96951e+00	0.00000e+00
0	0	20	0	1	3	4.77051e+00	-1.53206e+00	0.00000e+00
0	0	21	0	1	3	6.41126e+00	-2.19612e+00	0.00000e+00
0	0	22	0	1	3	5.15290e+00	-1.75041e+00	0.00000e+00
0	0	23	0	1	3	4.10833e+00	-1.34916e+00	0.00000e+00
0	0	24	0	1	3	5.20106e+00	-1.76433e+00	0.00000e+00
0	0	25	0	1	3	5.81893e+00	-2.02046e+00	0.00000e+00
0	0	26	0	1	3	5.13446e+00	-1.64375e+00	0.00000e+00
0	0	27	0	1	3	5.36186e+00	-1.88875e+00	0.00000e+00
0	0	28	0	1	3	5.36895e+00	-1.74979e+00	0.00000e+00
0	0	29	0	1	3	6.21081e+00	-2.00027e+00	0.00000e+00
0	0	30	0	1	3	4.48883e+00	-1.45970e+00	0.00000e+00
0	0	31	0	1	3	4.48878e+00	-1.67585e+00	0.00000e+00
0	0	32	0	1	3	5.38240e+00	-1.72225e+00	0.00000e+00
0	0	33	0	1	3	4.41039e+00	-1.42349e+00	0.00000e+00
0	0	34	0	1	3	4.48900e+00	-1.49798e+00	0.00000e+00
0	0	35	0	1	3	6.11940e+00	-2.05375e+00	0.00000e+00
0	0	0	1	1	3	5.94535e+00	-1.98686e+00	0.00000e+00
0	0	1	1	1	3	6.09249e+00	-2.10425e+00	0.00000e+00
0	0	2	1	1	3	4.96067e+00	-1.65550e+00	0.00000e+00
0	0	3	1	1	3	5.41608e+00	-1.79372e+00	0.00000e+00
0	0	4	1	1	3	5.39670e+00	-1.75363e+00	0.00000e+00
0	0	5	1	1	3	4.54671e+00	-1.46830e+00	0.00000e+00
0	0	6	1	1	3	3.98352e+00	-1.31807e+00	0.00000e+00
0	0	7	1	1	3	6.60660e+00	-2.21616e+00	0.00000e+00
0	0	8	1	1	3	4.38679e+00	-1.44454e+00	0.00000e+00
0	0	9	1	1	3	4.48214e+00	-1.47336e+00	0.00000e+00
0	0	10	1	1	3	4.83834e+00	-1.63674e+00	0.00000e+00
0	0	11	1	1	3	4.85290e+00	-1.67713e+00	0.00000e+00
0	0	12	1	1	3	5.26850e+00	-1.77277e+00	0.00000e+00
0	0	13	1	1	3	4.50354e+00	-1.54657e+00	0.00000e+00
0	0	14	1	1	3	4.02568e+00	-1.29516e+00	0.00000e+00
0	0	15	1	1	3	5.25240e+00	-1.77122e+00	0.00000e+00
0	0	16	1	1	3	4.03673e+00	-1.34591e+00	0.00000e+00
0	0	17	1	1	3	5.84081e+00	-1.91837e+00	0.00000e+00
0	0	18	1	1	3	5.02437e+00	-1.65608e+00	0.00000e+00
0	0	19	1	1	3	5.06846e+00	-1.73379e+00	0.00000e+00
0	0	20	1	1	3	4.31609e+00	-1.42681e+00	0.00000e+00
0	0	21	1	1	3	5.08736e+00	-1.71466e+00	0.00000e+00
0	0	22	1	1	3	4.80382e+00	-1.65528e+00	0.00000e+00
0	0	23	1	1	3	6.03314e+00	-2.14032e+00	0.00000e+00
0	0	24	1	1	3	5.85826e+00	-1.99835e+00	0.00000e+00
0	0	25	1	1	3	4.85619e+00	-1.66971e+00	0.00000e+00
0	0	26	1	1	3	4.50803e+00	-1.46533e+00	0.00000e+00
0	0	27	1	1	3	4.88318e+00	-1.73384e+00	0.00000e+00
0	0	28	1	1	3	6.37421e+00	-2.16939e+00	0.00000e+00
0	0	29	1	1	3	4.90390e+00	-1.64011e+00	0.00000e+00
0	0	30	1	1	3	7.52760e+00	-2.66177e+00	0.00000e+00
0	0	31	1	1	3	5.89770e+00	-1.99368e+00	0.00000e+00
0	0	32	1	1	3	4.84689e+00	-1.56022e+00	0.00000e+00
0	0	33	1	1	3	5.98656e+00	-1.96695e+00	0.00000e+00
0	0	34	1	1	3	5.20576e+00	-1.81431e+00	0.00000e+00
0	0	35	1	1	3	6.99861e+00	-2.37812e+00	0.00000e+00
