##
#  file: DCTdcCalib_0
#  date: 2017.01.18
#  note: first version
#
#
#######################################################################
# Id	WireId	p1	p0
#
### BC3-X1
#
113	1	0.833	-410.543
113	2	0.833	-412.342
113	3	0.833	-410.543
113	4	0.833	-410.543
113	5	0.833	-411.592
113	6	0.833	-412.686
113	7	0.833	-413.959
113	8	0.833	-407.945
113	9	0.833	-406.189
113	10	0.833	-410.543
113	11	0.833	-410.543
113	12	0.833	-410.543
113	13	0.833	-411.025
113	14	0.833	-410.118
113	15	0.833	-409.435
113	16	0.833	-412.503
113	17	0.833	-409.891
113	18	0.833	-414.399
113	19	0.833	-411.388
113	20	0.833	-411.924
113	21	0.833	-410.699
113	22	0.833	-412.641
113	23	0.833	-410.780
113	24	0.833	-411.104
113	25	0.833	-410.432
113	26	0.833	-410.457
113	27	0.833	-409.054
113	28	0.833	-409.058
113	29	0.833	-408.020
113	30	0.833	-409.607
113	31	0.833	-407.377
113	32	0.833	-408.890
113	33	0.833	-411.520
113	34	0.833	-411.533
113	35	0.833	-411.049
113	36	0.833	-411.637
113	37	0.833	-411.016
113	38	0.833	-411.931
113	39	0.833	-411.727
113	40	0.833	-412.680
113	41	0.833	-413.154
113	42	0.833	-413.483
113	43	0.833	-413.572
113	44	0.833	-413.605
113	45	0.833	-413.575
113	46	0.833	-414.885
113	47	0.833	-413.902
113	48	0.833	-414.468
113	49	0.833	-414.248
113	50	0.833	-410.543
113	51	0.833	-414.034
113	52	0.833	-414.891
113	53	0.833	-412.972
113	54	0.833	-414.496
113	55	0.833	-414.049
113	56	0.833	-413.640
113	57	0.833	-413.538
113	58	0.833	-414.274
113	59	0.833	-411.755
113	60	0.833	-412.229
113	61	0.833	-410.329
113	62	0.833	-414.159
113	63	0.833	-408.524
113	64	0.833	-410.722
### BC3-X2
#
114	1	0.833	-407.435
114	2	0.833	-407.435
114	3	0.833	-407.435
114	4	0.833	-405.000
114	5	0.833	-406.587
114	6	0.833	-405.000
114	7	0.833	-408.920
114	8	0.833	-405.038
114	9	0.833	-405.000
114	10	0.833	-408.997
114	11	0.833	-405.032
114	12	0.833	-407.435
114	13	0.833	-406.149
114	14	0.833	-408.972
114	15	0.833	-410.367
114	16	0.833	-409.351
114	17	0.833	-410.026
114	18	0.833	-407.411
114	19	0.833	-407.698
114	20	0.833	-407.479
114	21	0.833	-408.256
114	22	0.833	-408.195
114	23	0.833	-407.691
114	24	0.833	-406.388
114	25	0.833	-405.969
114	26	0.833	-405.925
114	27	0.833	-405.526
114	28	0.833	-405.769
114	29	0.833	-405.500
114	30	0.833	-405.000
114	31	0.833	-405.797
114	32	0.833	-405.436
114	33	0.833	-407.926
114	34	0.833	-407.454
114	35	0.833	-408.927
114	36	0.833	-408.880
114	37	0.833	-409.280
114	38	0.833	-409.613
114	39	0.833	-410.458
114	40	0.833	-410.544
114	41	0.833	-410.066
114	42	0.833	-410.555
114	43	0.833	-411.966
114	44	0.833	-412.227
114	45	0.833	-411.681
114	46	0.833	-411.854
114	47	0.833	-407.435
114	48	0.833	-412.350
114	49	0.833	-412.256
114	50	0.833	-407.435
114	51	0.833	-407.435
114	52	0.833	-407.435
114	53	0.833	-407.435
114	54	0.833	-407.435
114	55	0.833	-407.435
114	56	0.833	-407.435
114	57	0.833	-410.300
114	58	0.833	-411.223
114	59	0.833	-410.714
114	60	0.833	-409.789
114	61	0.833	-409.631
114	62	0.833	-408.247
114	63	0.833	-408.293
114	64	0.833	-408.658
### BC3-U1
#
115	1	0.833	-407.738
115	2	0.833	-407.738
115	3	0.833	-407.738
115	4	0.833	-407.738
115	5	0.833	-407.738
115	6	0.833	-407.738
115	7	0.833	-407.738
115	8	0.833	-407.738
115	9	0.833	-405.000
115	10	0.833	-407.060
115	11	0.833	-407.738
115	12	0.833	-406.623
115	13	0.833	-405.000
115	14	0.833	-407.642
115	15	0.833	-407.620
115	16	0.833	-405.944
115	17	0.833	-406.590
115	18	0.833	-405.000
115	19	0.833	-405.952
115	20	0.833	-407.877
115	21	0.833	-406.488
115	22	0.833	-407.441
115	23	0.833	-407.148
115	24	0.833	-406.875
115	25	0.833	-406.567
115	26	0.833	-406.198
115	27	0.833	-405.240
115	28	0.833	-405.000
115	29	0.833	-405.000
115	30	0.833	-405.000
115	31	0.833	-405.000
115	32	0.833	-405.000
115	33	0.833	-408.800
115	34	0.833	-408.625
115	35	0.833	-410.458
115	36	0.833	-410.323
115	37	0.833	-410.753
115	38	0.833	-410.730
115	39	0.833	-411.363
115	40	0.833	-411.819
115	41	0.833	-412.143
115	42	0.833	-407.738
115	43	0.833	-407.738
115	44	0.833	-407.738
115	45	0.833	-407.738
115	46	0.833	-407.738
115	47	0.833	-407.738
115	48	0.833	-407.738
115	49	0.833	-407.738
115	50	0.833	-407.738
115	51	0.833	-407.738
115	52	0.833	-407.738
115	53	0.833	-407.738
115	54	0.833	-412.558
115	55	0.833	-407.738
115	56	0.833	-412.589
115	57	0.833	-410.965
115	58	0.833	-410.557
115	59	0.833	-409.874
115	60	0.833	-410.368
115	61	0.833	-408.364
115	62	0.833	-410.791
115	63	0.833	-406.106
115	64	0.833	-408.688
### BC3-U2
#
116	1	0.833	-406.624
116	2	0.833	-406.624
116	3	0.833	-406.624
116	4	0.833	-406.624
116	5	0.833	-406.624
116	6	0.833	-405.973
116	7	0.833	-405.032
116	8	0.833	-406.624
116	9	0.833	-405.018
116	10	0.833	-406.624
116	11	0.833	-405.000
116	12	0.833	-405.000
116	13	0.833	-406.864
116	14	0.833	-406.037
116	15	0.833	-407.286
116	16	0.833	-408.343
116	17	0.833	-406.212
116	18	0.833	-405.124
116	19	0.833	-407.476
116	20	0.833	-405.164
116	21	0.833	-406.130
116	22	0.833	-406.922
116	23	0.833	-406.113
116	24	0.833	-405.000
116	25	0.833	-405.000
116	26	0.833	-405.000
116	27	0.833	-405.000
116	28	0.833	-405.000
116	29	0.833	-405.000
116	30	0.833	-405.000
116	31	0.833	-405.000
116	32	0.833	-405.000
116	33	0.833	-406.905
116	34	0.833	-406.034
116	35	0.833	-408.426
116	36	0.833	-407.871
116	37	0.833	-408.300
116	38	0.833	-408.805
116	39	0.833	-410.241
116	40	0.833	-409.698
116	41	0.833	-409.463
116	42	0.833	-410.831
116	43	0.833	-411.060
116	44	0.833	-406.624
116	45	0.833	-411.191
116	46	0.833	-411.346
116	47	0.833	-406.624
116	48	0.833	-406.624
116	49	0.833	-411.498
116	50	0.833	-406.624
116	51	0.833	-406.624
116	52	0.833	-406.624
116	53	0.833	-406.624
116	54	0.833	-406.624
116	55	0.833	-406.624
116	56	0.833	-406.624
116	57	0.833	-409.243
116	58	0.833	-409.289
116	59	0.833	-411.177
116	60	0.833	-405.752
116	61	0.833	-408.733
116	62	0.833	-410.870
116	63	0.833	-409.323
116	64	0.833	-407.428
### BC3-V1
#
117	1	0.833	-410.209
117	2	0.833	-410.209
117	3	0.833	-410.209
117	4	0.833	-410.209
117	5	0.833	-410.209
117	6	0.833	-410.209
117	7	0.833	-405.244
117	8	0.833	-410.209
117	9	0.833	-410.209
117	10	0.833	-410.209
117	11	0.833	-410.209
117	12	0.833	-410.209
117	13	0.833	-406.385
117	14	0.833	-411.347
117	15	0.833	-409.109
117	16	0.833	-409.974
117	17	0.833	-407.180
117	18	0.833	-409.061
117	19	0.833	-413.493
117	20	0.833	-409.482
117	21	0.833	-411.475
117	22	0.833	-411.226
117	23	0.833	-411.403
117	24	0.833	-409.985
117	25	0.833	-407.958
117	26	0.833	-408.871
117	27	0.833	-407.874
117	28	0.833	-408.239
117	29	0.833	-406.755
117	30	0.833	-408.429
117	31	0.833	-406.618
117	32	0.833	-407.797
117	33	0.833	-410.900
117	34	0.833	-412.107
117	35	0.833	-412.131
117	36	0.833	-412.446
117	37	0.833	-412.974
117	38	0.833	-413.392
117	39	0.833	-413.710
117	40	0.833	-413.753
117	41	0.833	-414.690
117	42	0.833	-415.185
117	43	0.833	-410.209
117	44	0.833	-414.605
117	45	0.833	-410.209
117	46	0.833	-410.209
117	47	0.833	-410.209
117	48	0.833	-414.873
117	49	0.833	-410.209
117	50	0.833	-410.209
117	51	0.833	-410.209
117	52	0.833	-410.209
117	53	0.833	-410.209
117	54	0.833	-410.209
117	55	0.833	-412.896
117	56	0.833	-413.398
117	57	0.833	-413.094
117	58	0.833	-413.117
117	59	0.833	-412.475
117	60	0.833	-411.555
117	61	0.833	-412.302
117	62	0.833	-412.483
117	63	0.833	-409.860
117	64	0.833	-408.788
### BC3-V2
#
118	1	0.833	-405.898
118	2	0.833	-405.898
118	3	0.833	-405.898
118	4	0.833	-405.898
118	5	0.833	-405.898
118	6	0.833	-405.898
118	7	0.833	-405.898
118	8	0.833	-405.898
118	9	0.833	-405.898
118	10	0.833	-405.054
118	11	0.833	-405.000
118	12	0.833	-406.610
118	13	0.833	-405.000
118	14	0.833	-405.898
118	15	0.833	-405.000
118	16	0.833	-408.156
118	17	0.833	-407.651
118	18	0.833	-406.562
118	19	0.833	-406.783
118	20	0.833	-405.000
118	21	0.833	-405.269
118	22	0.833	-405.223
118	23	0.833	-405.000
118	24	0.833	-405.000
118	25	0.833	-405.000
118	26	0.833	-405.000
118	27	0.833	-405.000
118	28	0.833	-405.000
118	29	0.833	-405.000
118	30	0.833	-405.000
118	31	0.833	-405.000
118	32	0.833	-405.000
118	33	0.833	-405.000
118	34	0.833	-405.000
118	35	0.833	-405.234
118	36	0.833	-405.000
118	37	0.833	-405.957
118	38	0.833	-406.158
118	39	0.833	-406.622
118	40	0.833	-407.285
118	41	0.833	-407.001
118	42	0.833	-408.559
118	43	0.833	-408.748
118	44	0.833	-409.483
118	45	0.833	-409.833
118	46	0.833	-409.872
118	47	0.833	-410.627
118	48	0.833	-409.859
118	49	0.833	-410.157
118	50	0.833	-405.898
118	51	0.833	-405.898
118	52	0.833	-410.637
118	53	0.833	-409.377
118	54	0.833	-405.898
118	55	0.833	-410.718
118	56	0.833	-410.219
118	57	0.833	-408.031
118	58	0.833	-408.408
118	59	0.833	-408.205
118	60	0.833	-407.986
118	61	0.833	-408.347
118	62	0.833	-405.614
118	63	0.833	-406.921
118	64	0.833	-407.150
### BC4-U1
#
119	1	0.833	-409.604
119	2	0.833	-405.276
119	3	0.833	-405.000
119	4	0.833	-407.966
119	5	0.833	-407.922
119	6	0.833	-411.251
119	7	0.833	-412.074
119	8	0.833	-412.500
119	9	0.833	-405.000
119	10	0.833	-412.534
119	11	0.833	-408.054
119	12	0.833	-411.004
119	13	0.833	-409.470
119	14	0.833	-408.019
119	15	0.833	-408.918
119	16	0.833	-408.961
119	17	0.833	-409.388
119	18	0.833	-411.356
119	19	0.833	-411.644
119	20	0.833	-410.716
119	21	0.833	-411.033
119	22	0.833	-408.776
119	23	0.833	-409.482
119	24	0.833	-410.438
119	25	0.833	-408.469
119	26	0.833	-408.799
119	27	0.833	-408.291
119	28	0.833	-408.034
119	29	0.833	-406.520
119	30	0.833	-406.677
119	31	0.833	-405.998
119	32	0.833	-406.246
119	33	0.833	-406.636
119	34	0.833	-406.916
119	35	0.833	-407.560
119	36	0.833	-408.148
119	37	0.833	-408.957
119	38	0.833	-409.191
119	39	0.833	-410.521
119	40	0.833	-409.650
119	41	0.833	-410.811
119	42	0.833	-410.284
119	43	0.833	-411.239
119	44	0.833	-410.752
119	45	0.833	-412.298
119	46	0.833	-411.464
119	47	0.833	-412.394
119	48	0.833	-411.918
119	49	0.833	-412.083
119	50	0.833	-407.966
119	51	0.833	-411.570
119	52	0.833	-411.587
119	53	0.833	-411.314
119	54	0.833	-412.362
119	55	0.833	-412.461
119	56	0.833	-411.781
119	57	0.833	-409.531
119	58	0.833	-409.770
119	59	0.833	-408.978
119	60	0.833	-411.060
119	61	0.833	-408.044
119	62	0.833	-411.530
119	63	0.833	-407.729
119	64	0.833	-410.434
### BC4-U2
#
120	1	0.833	-405.000
120	2	0.833	-405.000
120	3	0.833	-405.000
120	4	0.833	-405.000
120	5	0.833	-405.000
120	6	0.833	-405.895
120	7	0.833	-405.000
120	8	0.833	-405.000
120	9	0.833	-405.000
120	10	0.833	-405.268
120	11	0.833	-405.120
120	12	0.833	-405.000
120	13	0.833	-408.588
120	14	0.833	-406.201
120	15	0.833	-405.000
120	16	0.833	-405.000
120	17	0.833	-405.662
120	18	0.833	-405.000
120	19	0.833	-405.644
120	20	0.833	-405.111
120	21	0.833	-405.000
120	22	0.833	-405.672
120	23	0.833	-406.082
120	24	0.833	-405.000
120	25	0.833	-405.000
120	26	0.833	-405.000
120	27	0.833	-405.000
120	28	0.833	-405.000
120	29	0.833	-405.000
120	30	0.833	-405.000
120	31	0.833	-405.000
120	32	0.833	-405.000
120	33	0.833	-405.000
120	34	0.833	-405.000
120	35	0.833	-405.000
120	36	0.833	-405.000
120	37	0.833	-406.351
120	38	0.833	-406.464
120	39	0.833	-407.877
120	40	0.833	-408.232
120	41	0.833	-407.418
120	42	0.833	-407.989
120	43	0.833	-409.133
120	44	0.833	-409.770
120	45	0.833	-409.472
120	46	0.833	-409.281
120	47	0.833	-409.849
120	48	0.833	-409.634
120	49	0.833	-410.030
120	50	0.833	-410.725
120	51	0.833	-405.895
120	52	0.833	-410.841
120	53	0.833	-408.089
120	54	0.833	-410.600
120	55	0.833	-405.895
120	56	0.833	-409.639
120	57	0.833	-407.083
120	58	0.833	-407.535
120	59	0.833	-408.964
120	60	0.833	-406.637
120	61	0.833	-405.852
120	62	0.833	-407.442
120	63	0.833	-407.151
120	64	0.833	-407.130
### BC4-V1
#
121	1	0.833	-405.000
121	2	0.833	-405.692
121	3	0.833	-405.000
121	4	0.833	-405.000
121	5	0.833	-405.000
121	6	0.833	-405.000
121	7	0.833	-409.274
121	8	0.833	-405.000
121	9	0.833	-405.886
121	10	0.833	-408.471
121	11	0.833	-409.506
121	12	0.833	-406.692
121	13	0.833	-405.000
121	14	0.833	-407.019
121	15	0.833	-406.651
121	16	0.833	-407.281
121	17	0.833	-405.350
121	18	0.833	-407.381
121	19	0.833	-407.426
121	20	0.833	-408.651
121	21	0.833	-408.220
121	22	0.833	-408.188
121	23	0.833	-406.406
121	24	0.833	-406.257
121	25	0.833	-405.035
121	26	0.833	-405.712
121	27	0.833	-405.000
121	28	0.833	-405.000
121	29	0.833	-405.000
121	30	0.833	-405.000
121	31	0.833	-405.000
121	32	0.833	-405.000
121	33	0.833	-405.000
121	34	0.833	-405.000
121	35	0.833	-406.084
121	36	0.833	-406.188
121	37	0.833	-406.680
121	38	0.833	-407.452
121	39	0.833	-407.803
121	40	0.833	-407.654
121	41	0.833	-409.227
121	42	0.833	-408.804
121	43	0.833	-409.778
121	44	0.833	-409.306
121	45	0.833	-409.584
121	46	0.833	-410.036
121	47	0.833	-406.057
121	48	0.833	-409.597
121	49	0.833	-410.247
121	50	0.833	-406.057
121	51	0.833	-410.313
121	52	0.833	-410.325
121	53	0.833	-409.666
121	54	0.833	-409.947
121	55	0.833	-410.518
121	56	0.833	-409.819
121	57	0.833	-407.860
121	58	0.833	-408.048
121	59	0.833	-408.309
121	60	0.833	-407.298
121	61	0.833	-407.386
121	62	0.833	-408.974
121	63	0.833	-405.744
121	64	0.833	-406.995
### BC4-V2
#
122	1	0.833	-410.011
122	2	0.833	-405.000
122	3	0.833	-406.025
122	4	0.833	-405.000
122	5	0.833	-405.693
122	6	0.833	-409.086
122	7	0.833	-405.021
122	8	0.833	-410.149
122	9	0.833	-405.000
122	10	0.833	-405.000
122	11	0.833	-405.693
122	12	0.833	-405.000
122	13	0.833	-408.584
122	14	0.833	-405.000
122	15	0.833	-409.117
122	16	0.833	-408.017
122	17	0.833	-405.562
122	18	0.833	-407.051
122	19	0.833	-406.143
122	20	0.833	-405.000
122	21	0.833	-405.000
122	22	0.833	-406.860
122	23	0.833	-405.832
122	24	0.833	-405.000
122	25	0.833	-405.000
122	26	0.833	-405.000
122	27	0.833	-405.000
122	28	0.833	-405.000
122	29	0.833	-405.000
122	30	0.833	-405.000
122	31	0.833	-405.000
122	32	0.833	-405.000
122	33	0.833	-405.000
122	34	0.833	-405.000
122	35	0.833	-405.503
122	36	0.833	-405.122
122	37	0.833	-405.607
122	38	0.833	-405.945
122	39	0.833	-407.637
122	40	0.833	-407.326
122	41	0.833	-407.541
122	42	0.833	-407.761
122	43	0.833	-408.587
122	44	0.833	-408.770
122	45	0.833	-408.426
122	46	0.833	-409.238
122	47	0.833	-409.475
122	48	0.833	-409.121
122	49	0.833	-409.236
122	50	0.833	-409.300
122	51	0.833	-405.693
122	52	0.833	-408.324
122	53	0.833	-408.764
122	54	0.833	-409.472
122	55	0.833	-410.249
122	56	0.833	-408.127
122	57	0.833	-406.804
122	58	0.833	-407.593
122	59	0.833	-406.864
122	60	0.833	-407.023
122	61	0.833	-406.477
122	62	0.833	-405.000
122	63	0.833	-406.628
122	64	0.833	-407.398
### BC4-X1
#
123	1	0.833	-405.000
123	2	0.833	-407.409
123	3	0.833	-406.056
123	4	0.833	-406.056
123	5	0.833	-405.750
123	6	0.833	-405.000
123	7	0.833	-406.654
123	8	0.833	-405.000
123	9	0.833	-406.056
123	10	0.833	-407.357
123	11	0.833	-406.479
123	12	0.833	-410.665
123	13	0.833	-407.462
123	14	0.833	-409.214
123	15	0.833	-405.531
123	16	0.833	-405.000
123	17	0.833	-409.979
123	18	0.833	-406.642
123	19	0.833	-405.000
123	20	0.833	-408.485
123	21	0.833	-407.526
123	22	0.833	-406.273
123	23	0.833	-406.231
123	24	0.833	-405.358
123	25	0.833	-405.000
123	26	0.833	-405.000
123	27	0.833	-405.000
123	28	0.833	-405.000
123	29	0.833	-405.000
123	30	0.833	-405.000
123	31	0.833	-405.000
123	32	0.833	-405.000
123	33	0.833	-405.000
123	34	0.833	-405.000
123	35	0.833	-405.924
123	36	0.833	-406.444
123	37	0.833	-406.944
123	38	0.833	-406.484
123	39	0.833	-408.471
123	40	0.833	-407.725
123	41	0.833	-408.901
123	42	0.833	-409.488
123	43	0.833	-409.574
123	44	0.833	-408.890
123	45	0.833	-409.267
123	46	0.833	-410.060
123	47	0.833	-406.056
123	48	0.833	-410.334
123	49	0.833	-410.208
123	50	0.833	-410.842
123	51	0.833	-410.170
123	52	0.833	-409.882
123	53	0.833	-410.230
123	54	0.833	-409.843
123	55	0.833	-410.503
123	56	0.833	-408.163
123	57	0.833	-409.098
123	58	0.833	-408.225
123	59	0.833	-407.920
123	60	0.833	-407.884
123	61	0.833	-405.000
123	62	0.833	-407.631
123	63	0.833	-405.973
123	64	0.833	-405.394
### BC4-X2
#
124	1	0.833	-405.499
124	2	0.833	-405.014
124	3	0.833	-409.804
124	4	0.833	-407.384
124	5	0.833	-409.001
124	6	0.833	-405.190
124	7	0.833	-405.000
124	8	0.833	-405.787
124	9	0.833	-405.000
124	10	0.833	-406.441
124	11	0.833	-406.402
124	12	0.833	-405.000
124	13	0.833	-405.000
124	14	0.833	-406.052
124	15	0.833	-407.532
124	16	0.833	-405.000
124	17	0.833	-406.918
124	18	0.833	-405.077
124	19	0.833	-405.000
124	20	0.833	-405.000
124	21	0.833	-406.395
124	22	0.833	-405.000
124	23	0.833	-405.000
124	24	0.833	-405.000
124	25	0.833	-405.000
124	26	0.833	-405.000
124	27	0.833	-405.000
124	28	0.833	-405.000
124	29	0.833	-405.000
124	30	0.833	-405.000
124	31	0.833	-405.000
124	32	0.833	-405.000
124	33	0.833	-405.000
124	34	0.833	-405.000
124	35	0.833	-405.000
124	36	0.833	-405.000
124	37	0.833	-405.000
124	38	0.833	-406.522
124	39	0.833	-406.016
124	40	0.833	-406.769
124	41	0.833	-405.000
124	42	0.833	-405.465
124	43	0.833	-407.620
124	44	0.833	-408.439
124	45	0.833	-407.725
124	46	0.833	-408.405
124	47	0.833	-408.082
124	48	0.833	-408.022
124	49	0.833	-408.220
124	50	0.833	-408.883
124	51	0.833	-409.324
124	52	0.833	-408.570
124	53	0.833	-406.372
124	54	0.833	-408.889
124	55	0.833	-408.546
124	56	0.833	-408.061
124	57	0.833	-405.969
124	58	0.833	-406.222
124	59	0.833	-408.454
124	60	0.833	-407.167
124	61	0.833	-406.248
124	62	0.833	-405.152
124	63	0.833	-405.000
124	64	0.833	-405.998
### SDC1-V1
#
1	1	0.833	-388.147
1	2	0.833	-390.530
1	3	0.833	-391.259
1	4	0.833	-392.112
1	5	0.833	-394.575
1	6	0.833	-393.972
1	7	0.833	-394.417
1	8	0.833	-393.273
1	9	0.833	-395.446
1	10	0.833	-394.105
1	11	0.833	-394.972
1	12	0.833	-394.003
1	13	0.833	-393.479
1	14	0.833	-393.384
1	15	0.833	-393.618
1	16	0.833	-392.490
1	17	0.833	-392.377
1	18	0.833	-392.763
1	19	0.833	-392.423
1	20	0.833	-390.839
1	21	0.833	-394.535
1	22	0.833	-393.183
1	23	0.833	-394.425
1	24	0.833	-393.194
1	25	0.833	-394.109
1	26	0.833	-393.373
1	27	0.833	-393.598
1	28	0.833	-391.715
1	29	0.833	-392.791
1	30	0.833	-392.127
1	31	0.833	-392.266
1	32	0.833	-391.266
1	33	0.833	-388.314
1	34	0.833	-387.304
1	35	0.833	-392.288
1	36	0.833	-392.288
1	37	0.833	-389.103
1	38	0.833	-388.354
1	39	0.833	-389.602
1	40	0.833	-389.446
1	41	0.833	-393.471
1	42	0.833	-391.650
1	43	0.833	-390.457
1	44	0.833	-389.167
1	45	0.833	-388.972
1	46	0.833	-389.384
1	47	0.833	-388.298
1	48	0.833	-388.703
1	49	0.833	-392.656
1	50	0.833	-393.133
1	51	0.833	-391.928
1	52	0.833	-392.460
1	53	0.833	-393.959
1	54	0.833	-393.815
1	55	0.833	-394.073
1	56	0.833	-393.488
1	57	0.833	-394.501
1	58	0.833	-391.919
1	59	0.833	-393.773
1	60	0.833	-392.130
1	61	0.833	-392.480
1	62	0.833	-391.594
1	63	0.833	-391.456
1	64	0.833	-392.288
### SDC1-V2
#
2	1	0.833	-387.552
2	2	0.833	-390.586
2	3	0.833	-391.538
2	4	0.833	-392.364
2	5	0.833	-393.554
2	6	0.833	-394.202
2	7	0.833	-394.625
2	8	0.833	-395.317
2	9	0.833	-394.781
2	10	0.833	-393.848
2	11	0.833	-393.780
2	12	0.833	-394.450
2	13	0.833	-393.167
2	14	0.833	-392.876
2	15	0.833	-392.289
2	16	0.833	-391.765
2	17	0.833	-392.389
2	18	0.833	-392.786
2	19	0.833	-393.013
2	20	0.833	-392.484
2	21	0.833	-394.291
2	22	0.833	-394.299
2	23	0.833	-394.391
2	24	0.833	-394.564
2	25	0.833	-394.483
2	26	0.833	-394.083
2	27	0.833	-394.390
2	28	0.833	-393.349
2	29	0.833	-393.394
2	30	0.833	-393.233
2	31	0.833	-392.969
2	32	0.833	-392.312
2	33	0.833	-387.945
2	34	0.833	-392.383
2	35	0.833	-389.828
2	36	0.833	-388.819
2	37	0.833	-388.055
2	38	0.833	-389.272
2	39	0.833	-387.848
2	40	0.833	-389.566
2	41	0.833	-389.780
2	42	0.833	-391.082
2	43	0.833	-389.112
2	44	0.833	-389.016
2	45	0.833	-389.298
2	46	0.833	-389.759
2	47	0.833	-387.997
2	48	0.833	-387.735
2	49	0.833	-392.954
2	50	0.833	-393.734
2	51	0.833	-393.124
2	52	0.833	-393.509
2	53	0.833	-393.705
2	54	0.833	-393.513
2	55	0.833	-393.873
2	56	0.833	-394.402
2	57	0.833	-394.574
2	58	0.833	-393.780
2	59	0.833	-391.732
2	60	0.833	-393.354
2	61	0.833	-392.650
2	62	0.833	-391.956
2	63	0.833	-390.577
2	64	0.833	-390.293
### SDC1-X1
#
3	1	0.833	-389.687
3	2	0.833	-393.203
3	3	0.833	-393.530
3	4	0.833	-393.919
3	5	0.833	-393.975
3	6	0.833	-394.820
3	7	0.833	-393.901
3	8	0.833	-394.763
3	9	0.833	-394.680
3	10	0.833	-395.107
3	11	0.833	-394.027
3	12	0.833	-394.291
3	13	0.833	-393.431
3	14	0.833	-393.365
3	15	0.833	-391.423
3	16	0.833	-392.404
3	17	0.833	-393.013
3	18	0.833	-394.109
3	19	0.833	-393.625
3	20	0.833	-394.460
3	21	0.833	-394.272
3	22	0.833	-394.720
3	23	0.833	-395.396
3	24	0.833	-394.928
3	25	0.833	-393.709
3	26	0.833	-393.369
3	27	0.833	-393.650
3	28	0.833	-396.483
3	29	0.833	-392.301
3	30	0.833	-393.679
3	31	0.833	-393.153
3	32	0.833	-392.869
3	33	0.833	-390.900
3	34	0.833	-396.458
3	35	0.833	-390.279
3	36	0.833	-391.533
3	37	0.833	-391.554
3	38	0.833	-392.761
3	39	0.833	-392.913
3	40	0.833	-393.146
3	41	0.833	-391.668
3	42	0.833	-393.322
3	43	0.833	-392.551
3	44	0.833	-390.400
3	45	0.833	-391.638
3	46	0.833	-392.653
3	47	0.833	-390.088
3	48	0.833	-390.192
3	49	0.833	-388.747
3	50	0.833	-388.810
3	51	0.833	-390.370
3	52	0.833	-390.253
3	53	0.833	-389.533
3	54	0.833	-390.693
3	55	0.833	-390.454
3	56	0.833	-389.202
3	57	0.833	-392.793
3	58	0.833	-393.397
3	59	0.833	-392.970
3	60	0.833	-392.156
3	61	0.833	-389.599
3	62	0.833	-389.418
3	63	0.833	-389.232
3	64	0.833	-393.140
### SDC1-X2
#
4	1	0.833	-391.358
4	2	0.833	-393.423
4	3	0.833	-393.794
4	4	0.833	-394.123
4	5	0.833	-395.064
4	6	0.833	-394.202
4	7	0.833	-396.134
4	8	0.833	-394.997
4	9	0.833	-395.996
4	10	0.833	-394.251
4	11	0.833	-395.416
4	12	0.833	-394.320
4	13	0.833	-393.954
4	14	0.833	-393.860
4	15	0.833	-394.087
4	16	0.833	-391.827
4	17	0.833	-392.769
4	18	0.833	-393.463
4	19	0.833	-394.318
4	20	0.833	-394.127
4	21	0.833	-394.476
4	22	0.833	-394.554
4	23	0.833	-395.433
4	24	0.833	-394.882
4	25	0.833	-395.547
4	26	0.833	-394.890
4	27	0.833	-394.740
4	28	0.833	-394.322
4	29	0.833	-393.887
4	30	0.833	-393.778
4	31	0.833	-393.615
4	32	0.833	-393.164
4	33	0.833	-390.874
4	34	0.833	-390.701
4	35	0.833	-391.940
4	36	0.833	-390.253
4	37	0.833	-392.077
4	38	0.833	-391.147
4	39	0.833	-393.013
4	40	0.833	-392.248
4	41	0.833	-392.416
4	42	0.833	-391.792
4	43	0.833	-391.402
4	44	0.833	-390.458
4	45	0.833	-391.788
4	46	0.833	-391.612
4	47	0.833	-390.883
4	48	0.833	-391.082
4	49	0.833	-389.106
4	50	0.833	-388.881
4	51	0.833	-389.999
4	52	0.833	-389.948
4	53	0.833	-390.326
4	54	0.833	-390.172
4	55	0.833	-392.386
4	56	0.833	-392.107
4	57	0.833	-393.415
4	58	0.833	-392.950
4	59	0.833	-391.622
4	60	0.833	-391.665
4	61	0.833	-388.815
4	62	0.833	-390.195
4	63	0.833	-389.097
4	64	0.833	-393.451
### SDC1-U1
#
5	1	0.833	-390.903
5	2	0.833	-385.998
5	3	0.833	-387.326
5	4	0.833	-387.922
5	5	0.833	-390.289
5	6	0.833	-390.350
5	7	0.833	-392.098
5	8	0.833	-391.720
5	9	0.833	-391.593
5	10	0.833	-390.601
5	11	0.833	-390.531
5	12	0.833	-390.220
5	13	0.833	-389.728
5	14	0.833	-389.203
5	15	0.833	-389.029
5	16	0.833	-387.915
5	17	0.833	-390.903
5	18	0.833	-393.319
5	19	0.833	-392.181
5	20	0.833	-392.465
5	21	0.833	-393.844
5	22	0.833	-392.754
5	23	0.833	-394.428
5	24	0.833	-394.588
5	25	0.833	-394.689
5	26	0.833	-392.757
5	27	0.833	-393.289
5	28	0.833	-391.739
5	29	0.833	-392.057
5	30	0.833	-392.637
5	31	0.833	-393.244
5	32	0.833	-392.241
5	33	0.833	-391.018
5	34	0.833	-390.538
5	35	0.833	-390.687
5	36	0.833	-390.806
5	37	0.833	-393.187
5	38	0.833	-392.191
5	39	0.833	-392.928
5	40	0.833	-391.898
5	41	0.833	-393.598
5	42	0.833	-391.518
5	43	0.833	-392.196
5	44	0.833	-391.093
5	45	0.833	-391.072
5	46	0.833	-391.062
5	47	0.833	-390.612
5	48	0.833	-389.907
5	49	0.833	-393.499
5	50	0.833	-392.441
5	51	0.833	-392.750
5	52	0.833	-393.347
5	53	0.833	-394.834
5	54	0.833	-392.571
5	55	0.833	-394.969
5	56	0.833	-393.931
5	57	0.833	-394.602
5	58	0.833	-392.689
5	59	0.833	-393.481
5	60	0.833	-392.170
5	61	0.833	-393.083
5	62	0.833	-392.325
5	63	0.833	-390.404
5	64	0.833	-387.357
### SDC1-U2
#
6	1	0.833	-390.440
6	2	0.833	-390.440
6	3	0.833	-387.311
6	4	0.833	-388.371
6	5	0.833	-389.336
6	6	0.833	-391.535
6	7	0.833	-390.555
6	8	0.833	-390.759
6	9	0.833	-390.239
6	10	0.833	-391.260
6	11	0.833	-390.196
6	12	0.833	-392.158
6	13	0.833	-389.710
6	14	0.833	-390.118
6	15	0.833	-389.565
6	16	0.833	-388.209
6	17	0.833	-390.440
6	18	0.833	-393.030
6	19	0.833	-391.139
6	20	0.833	-392.503
6	21	0.833	-391.921
6	22	0.833	-393.312
6	23	0.833	-393.028
6	24	0.833	-393.506
6	25	0.833	-393.191
6	26	0.833	-393.387
6	27	0.833	-393.150
6	28	0.833	-393.077
6	29	0.833	-390.545
6	30	0.833	-390.691
6	31	0.833	-390.880
6	32	0.833	-390.526
6	33	0.833	-390.560
6	34	0.833	-390.919
6	35	0.833	-391.017
6	36	0.833	-391.801
6	37	0.833	-391.423
6	38	0.833	-392.405
6	39	0.833	-391.891
6	40	0.833	-391.645
6	41	0.833	-391.703
6	42	0.833	-391.241
6	43	0.833	-390.373
6	44	0.833	-390.841
6	45	0.833	-389.941
6	46	0.833	-390.783
6	47	0.833	-389.111
6	48	0.833	-389.304
6	49	0.833	-391.500
6	50	0.833	-392.433
6	51	0.833	-392.771
6	52	0.833	-393.097
6	53	0.833	-392.659
6	54	0.833	-393.314
6	55	0.833	-392.719
6	56	0.833	-393.037
6	57	0.833	-393.980
6	58	0.833	-394.022
6	59	0.833	-394.129
6	60	0.833	-393.202
6	61	0.833	-391.289
6	62	0.833	-391.907
6	63	0.833	-390.211
6	64	0.833	-386.314
### SDC2-X1
#
31	1	0.833	-880.000
31	2	0.833	-884.777
31	3	0.833	-886.225
31	4	0.833	-885.098
31	5	0.833	-891.403
31	6	0.833	-892.870
31	7	0.833	-894.710
31	8	0.833	-893.523
31	9	0.833	-895.115
31	10	0.833	-899.068
31	11	0.833	-899.052
31	12	0.833	-898.969
31	13	0.833	-899.774
31	14	0.833	-896.268
31	15	0.833	-896.806
31	16	0.833	-898.182
31	17	0.833	-895.793
31	18	0.833	-895.253
31	19	0.833	-895.210
31	20	0.833	-896.503
31	21	0.833	-896.845
31	22	0.833	-898.008
31	23	0.833	-898.653
31	24	0.833	-896.352
31	25	0.833	-899.505
31	26	0.833	-891.648
31	27	0.833	-893.721
31	28	0.833	-893.977
31	29	0.833	-891.335
31	30	0.833	-893.813
31	31	0.833	-892.431
31	32	0.833	-894.975
31	33	0.833	-898.193
31	34	0.833	-892.772
31	35	0.833	-897.038
31	36	0.833	-896.518
31	37	0.833	-896.171
31	38	0.833	-892.692
31	39	0.833	-894.093
31	40	0.833	-893.394
31	41	0.833	-893.256
31	42	0.833	-897.459
31	43	0.833	-896.999
31	44	0.833	-894.524
31	45	0.833	-897.371
31	46	0.833	-894.949
31	47	0.833	-896.019
31	48	0.833	-898.010
31	49	0.833	-898.845
31	50	0.833	-895.021
31	51	0.833	-896.465
31	52	0.833	-895.378
31	53	0.833	-880.430
31	54	0.833	-896.165
31	55	0.833	-896.165
31	56	0.833	-896.165
31	57	0.833	-896.165
31	58	0.833	-896.165
31	59	0.833	-896.165
31	60	0.833	-896.165
31	61	0.833	-896.165
31	62	0.833	-896.165
31	63	0.833	-896.165
31	64	0.833	-896.165
31	65	0.833	-880.000
31	66	0.833	-894.681
31	67	0.833	-897.224
31	68	0.833	-898.235
31	69	0.833	-899.996
31	70	0.833	-897.988
31	71	0.833	-898.932
31	72	0.833	-899.350
31	73	0.833	-899.857
31	74	0.833	-900.404
31	75	0.833	-898.669
31	76	0.833	-899.496
31	77	0.833	-898.142
31	78	0.833	-899.773
31	79	0.833	-899.288
31	80	0.833	-897.537
31	81	0.833	-896.750
31	82	0.833	-897.318
31	83	0.833	-895.552
31	84	0.833	-898.492
31	85	0.833	-898.880
31	86	0.833	-898.058
31	87	0.833	-897.380
31	88	0.833	-900.909
31	89	0.833	-895.101
31	90	0.833	-897.668
31	91	0.833	-897.619
31	92	0.833	-897.644
31	93	0.833	-899.521
31	94	0.833	-896.099
31	95	0.833	-898.763
31	96	0.833	-899.831
31	97	0.833	-897.982
31	98	0.833	-897.127
31	99	0.833	-896.940
31	100	0.833	-898.994
31	101	0.833	-900.175
31	102	0.833	-898.219
31	103	0.833	-896.410
31	104	0.833	-897.157
31	105	0.833	-899.841
31	106	0.833	-898.194
31	107	0.833	-899.792
31	108	0.833	-898.486
31	109	0.833	-897.410
31	110	0.833	-897.139
31	111	0.833	-899.052
31	112	0.833	-897.920
31	113	0.833	-897.245
31	114	0.833	-894.059
31	115	0.833	-897.365
31	116	0.833	-896.442
31	117	0.833	-895.369
31	118	0.833	-895.976
31	119	0.833	-896.626
31	120	0.833	-894.946
31	121	0.833	-896.459
31	122	0.833	-895.311
31	123	0.833	-894.283
31	124	0.833	-896.275
31	125	0.833	-895.595
31	126	0.833	-895.620
31	127	0.833	-880.000
31	128	0.833	-880.000
### SDC2-X2
#
32	1	0.833	-888.446
32	2	0.833	-884.264
32	3	0.833	-892.262
32	4	0.833	-892.798
32	5	0.833	-893.717
32	6	0.833	-892.123
32	7	0.833	-896.877
32	8	0.833	-897.414
32	9	0.833	-900.449
32	10	0.833	-901.259
32	11	0.833	-901.285
32	12	0.833	-901.078
32	13	0.833	-899.409
32	14	0.833	-898.990
32	15	0.833	-897.318
32	16	0.833	-899.765
32	17	0.833	-899.260
32	18	0.833	-900.377
32	19	0.833	-901.573
32	20	0.833	-898.648
32	21	0.833	-898.515
32	22	0.833	-898.083
32	23	0.833	-900.955
32	24	0.833	-897.475
32	25	0.833	-898.665
32	26	0.833	-897.570
32	27	0.833	-896.134
32	28	0.833	-898.095
32	29	0.833	-895.242
32	30	0.833	-897.574
32	31	0.833	-896.723
32	32	0.833	-899.014
32	33	0.833	-898.106
32	34	0.833	-898.533
32	35	0.833	-900.755
32	36	0.833	-899.161
32	37	0.833	-898.666
32	38	0.833	-896.552
32	39	0.833	-896.917
32	40	0.833	-895.029
32	41	0.833	-892.519
32	42	0.833	-898.751
32	43	0.833	-900.110
32	44	0.833	-899.443
32	45	0.833	-900.669
32	46	0.833	-899.685
32	47	0.833	-901.305
32	48	0.833	-901.153
32	49	0.833	-900.070
32	50	0.833	-897.759
32	51	0.833	-897.526
32	52	0.833	-893.556
32	53	0.833	-880.000
32	54	0.833	-899.499
32	55	0.833	-899.499
32	56	0.833	-899.499
32	57	0.833	-899.499
32	58	0.833	-899.499
32	59	0.833	-899.499
32	60	0.833	-899.499
32	61	0.833	-899.499
32	62	0.833	-899.499
32	63	0.833	-899.499
32	64	0.833	-899.499
32	65	0.833	-889.469
32	66	0.833	-900.403
32	67	0.833	-901.967
32	68	0.833	-903.873
32	69	0.833	-904.715
32	70	0.833	-903.876
32	71	0.833	-903.685
32	72	0.833	-904.065
32	73	0.833	-903.213
32	74	0.833	-904.020
32	75	0.833	-903.313
32	76	0.833	-905.208
32	77	0.833	-901.629
32	78	0.833	-900.902
32	79	0.833	-900.322
32	80	0.833	-902.174
32	81	0.833	-901.660
32	82	0.833	-902.499
32	83	0.833	-900.605
32	84	0.833	-902.981
32	85	0.833	-901.481
32	86	0.833	-902.916
32	87	0.833	-902.909
32	88	0.833	-902.736
32	89	0.833	-903.890
32	90	0.833	-902.325
32	91	0.833	-903.203
32	92	0.833	-901.643
32	93	0.833	-900.557
32	94	0.833	-900.790
32	95	0.833	-901.363
32	96	0.833	-901.746
32	97	0.833	-900.751
32	98	0.833	-901.119
32	99	0.833	-901.334
32	100	0.833	-903.702
32	101	0.833	-901.221
32	102	0.833	-902.364
32	103	0.833	-903.065
32	104	0.833	-902.709
32	105	0.833	-903.744
32	106	0.833	-904.002
32	107	0.833	-904.197
32	108	0.833	-902.309
32	109	0.833	-902.826
32	110	0.833	-903.777
32	111	0.833	-903.834
32	112	0.833	-902.077
32	113	0.833	-901.613
32	114	0.833	-904.483
32	115	0.833	-901.370
32	116	0.833	-895.605
32	117	0.833	-900.206
32	118	0.833	-897.112
32	119	0.833	-897.855
32	120	0.833	-897.792
32	121	0.833	-904.465
32	122	0.833	-899.793
32	123	0.833	-900.792
32	124	0.833	-901.446
32	125	0.833	-901.874
32	126	0.833	-893.074
32	127	0.833	-880.000
32	128	0.833	-880.000
### SDC2-Y1
#
33	1	0.833	-920.000
33	2	0.833	-880.000
33	3	0.833	-902.151
33	4	0.833	-892.567
33	5	0.833	-896.675
33	6	0.833	-896.881
33	7	0.833	-903.380
33	8	0.833	-900.349
33	9	0.833	-897.042
33	10	0.833	-896.561
33	11	0.833	-895.303
33	12	0.833	-898.850
33	13	0.833	-896.737
33	14	0.833	-899.088
33	15	0.833	-899.044
33	16	0.833	-900.248
33	17	0.833	-898.983
33	18	0.833	-900.878
33	19	0.833	-899.320
33	20	0.833	-900.765
33	21	0.833	-900.843
33	22	0.833	-901.140
33	23	0.833	-902.403
33	24	0.833	-900.188
33	25	0.833	-900.004
33	26	0.833	-901.608
33	27	0.833	-901.242
33	28	0.833	-900.842
33	29	0.833	-899.744
33	30	0.833	-901.872
33	31	0.833	-900.492
33	32	0.833	-900.565
33	33	0.833	-903.263
33	34	0.833	-901.962
33	35	0.833	-902.535
33	36	0.833	-900.562
33	37	0.833	-920.000
33	38	0.833	-900.552
33	39	0.833	-900.263
33	40	0.833	-901.249
33	41	0.833	-901.114
33	42	0.833	-900.784
33	43	0.833	-899.960
33	44	0.833	-896.827
33	45	0.833	-899.004
33	46	0.833	-900.841
33	47	0.833	-898.211
33	48	0.833	-896.959
33	49	0.833	-899.343
33	50	0.833	-899.314
33	51	0.833	-899.509
33	52	0.833	-900.543
33	53	0.833	-901.460
33	54	0.833	-901.631
33	55	0.833	-899.490
33	56	0.833	-900.575
33	57	0.833	-900.013
33	58	0.833	-901.178
33	59	0.833	-898.352
33	60	0.833	-899.113
33	61	0.833	-886.499
33	62	0.833	-899.610
33	63	0.833	-899.610
33	64	0.833	-899.610
33	65	0.833	-899.610
33	66	0.833	-899.610
33	67	0.833	-899.610
33	68	0.833	-880.000
33	69	0.833	-899.555
33	70	0.833	-901.435
33	71	0.833	-899.122
33	72	0.833	-902.738
33	73	0.833	-897.605
33	74	0.833	-899.536
33	75	0.833	-898.922
33	76	0.833	-898.792
33	77	0.833	-898.979
33	78	0.833	-900.293
33	79	0.833	-898.387
33	80	0.833	-899.593
33	81	0.833	-899.865
33	82	0.833	-902.284
33	83	0.833	-902.077
33	84	0.833	-901.841
33	85	0.833	-899.488
33	86	0.833	-902.394
33	87	0.833	-902.025
33	88	0.833	-901.169
33	89	0.833	-898.179
33	90	0.833	-897.366
33	91	0.833	-898.953
33	92	0.833	-900.377
33	93	0.833	-898.116
33	94	0.833	-900.727
33	95	0.833	-899.648
33	96	0.833	-898.490
33	97	0.833	-898.070
33	98	0.833	-898.224
33	99	0.833	-899.592
33	100	0.833	-899.904
33	101	0.833	-899.899
33	102	0.833	-900.903
33	103	0.833	-900.413
33	104	0.833	-899.876
33	105	0.833	-899.552
33	106	0.833	-900.056
33	107	0.833	-898.109
33	108	0.833	-900.249
33	109	0.833	-898.114
33	110	0.833	-900.668
33	111	0.833	-895.948
33	112	0.833	-899.360
33	113	0.833	-899.154
33	114	0.833	-898.144
33	115	0.833	-899.535
33	116	0.833	-900.073
33	117	0.833	-898.158
33	118	0.833	-897.653
33	119	0.833	-899.268
33	120	0.833	-898.304
33	121	0.833	-900.817
33	122	0.833	-896.514
33	123	0.833	-896.423
33	124	0.833	-898.717
33	125	0.833	-897.255
33	126	0.833	-889.742
33	127	0.833	-901.435
33	128	0.833	-900.465
### SDC2-Y2
#
34	1	0.833	-880.000
34	2	0.833	-893.068
34	3	0.833	-900.221
34	4	0.833	-895.510
34	5	0.833	-900.151
34	6	0.833	-895.819
34	7	0.833	-901.681
34	8	0.833	-898.752
34	9	0.833	-897.047
34	10	0.833	-897.803
34	11	0.833	-897.121
34	12	0.833	-897.157
34	13	0.833	-897.838
34	14	0.833	-900.688
34	15	0.833	-901.859
34	16	0.833	-899.298
34	17	0.833	-897.504
34	18	0.833	-901.838
34	19	0.833	-898.717
34	20	0.833	-901.605
34	21	0.833	-899.927
34	22	0.833	-899.696
34	23	0.833	-899.325
34	24	0.833	-901.223
34	25	0.833	-901.001
34	26	0.833	-899.712
34	27	0.833	-897.541
34	28	0.833	-900.118
34	29	0.833	-899.718
34	30	0.833	-900.388
34	31	0.833	-900.263
34	32	0.833	-901.787
34	33	0.833	-898.414
34	34	0.833	-897.211
34	35	0.833	-898.362
34	36	0.833	-899.801
34	37	0.833	-901.124
34	38	0.833	-897.640
34	39	0.833	-898.754
34	40	0.833	-899.028
34	41	0.833	-899.129
34	42	0.833	-899.104
34	43	0.833	-899.777
34	44	0.833	-899.321
34	45	0.833	-898.996
34	46	0.833	-899.364
34	47	0.833	-897.288
34	48	0.833	-898.505
34	49	0.833	-898.633
34	50	0.833	-901.041
34	51	0.833	-899.972
34	52	0.833	-898.894
34	53	0.833	-900.479
34	54	0.833	-899.307
34	55	0.833	-901.457
34	56	0.833	-902.211
34	57	0.833	-899.478
34	58	0.833	-895.979
34	59	0.833	-898.350
34	60	0.833	-896.986
34	61	0.833	-880.000
34	62	0.833	-898.186
34	63	0.833	-898.186
34	64	0.833	-898.186
34	65	0.833	-920.000
34	66	0.833	-898.186
34	67	0.833	-920.000
34	68	0.833	-883.524
34	69	0.833	-898.805
34	70	0.833	-898.834
34	71	0.833	-900.197
34	72	0.833	-899.362
34	73	0.833	-896.645
34	74	0.833	-897.150
34	75	0.833	-897.378
34	76	0.833	-897.239
34	77	0.833	-895.978
34	78	0.833	-896.591
34	79	0.833	-897.455
34	80	0.833	-897.250
34	81	0.833	-897.825
34	82	0.833	-897.087
34	83	0.833	-899.033
34	84	0.833	-899.248
34	85	0.833	-899.019
34	86	0.833	-898.791
34	87	0.833	-900.275
34	88	0.833	-899.528
34	89	0.833	-896.696
34	90	0.833	-896.391
34	91	0.833	-897.231
34	92	0.833	-899.406
34	93	0.833	-898.405
34	94	0.833	-898.296
34	95	0.833	-897.494
34	96	0.833	-898.325
34	97	0.833	-897.625
34	98	0.833	-898.618
34	99	0.833	-896.617
34	100	0.833	-898.127
34	101	0.833	-898.514
34	102	0.833	-900.640
34	103	0.833	-898.495
34	104	0.833	-898.823
34	105	0.833	-897.558
34	106	0.833	-897.857
34	107	0.833	-900.195
34	108	0.833	-899.362
34	109	0.833	-896.162
34	110	0.833	-896.226
34	111	0.833	-897.360
34	112	0.833	-898.944
34	113	0.833	-896.808
34	114	0.833	-893.295
34	115	0.833	-894.153
34	116	0.833	-891.500
34	117	0.833	-895.322
34	118	0.833	-896.615
34	119	0.833	-897.760
34	120	0.833	-896.797
34	121	0.833	-897.074
34	122	0.833	-895.976
34	123	0.833	-891.264
34	124	0.833	-894.767
34	125	0.833	-893.039
34	126	0.833	-880.000
34	127	0.833	-880.000
34	128	0.833	-880.000
### SDC3-Y1
#
35	1	0.833	-889.883
35	2	0.833	-882.194
35	3	0.833	-887.922
35	4	0.833	-889.971
35	5	0.833	-890.141
35	6	0.833	-888.805
35	7	0.833	-890.426
35	8	0.833	-889.053
35	9	0.833	-890.915
35	10	0.833	-890.794
35	11	0.833	-890.838
35	12	0.833	-892.986
35	13	0.833	-890.919
35	14	0.833	-889.227
35	15	0.833	-889.127
35	16	0.833	-892.325
35	17	0.833	-889.107
35	18	0.833	-887.343
35	19	0.833	-891.492
35	20	0.833	-889.037
35	21	0.833	-889.746
35	22	0.833	-892.108
35	23	0.833	-889.483
35	24	0.833	-888.046
35	25	0.833	-889.013
35	26	0.833	-886.927
35	27	0.833	-888.283
35	28	0.833	-888.711
35	29	0.833	-888.048
35	30	0.833	-870.000
35	31	0.833	-889.883
35	32	0.833	-889.883
35	33	0.833	-889.883
35	34	0.833	-870.000
35	35	0.833	-870.000
35	36	0.833	-889.332
35	37	0.833	-888.970
35	38	0.833	-890.019
35	39	0.833	-890.757
35	40	0.833	-891.887
35	41	0.833	-891.699
35	42	0.833	-891.301
35	43	0.833	-892.539
35	44	0.833	-892.661
35	45	0.833	-892.972
35	46	0.833	-890.140
35	47	0.833	-891.320
35	48	0.833	-893.332
35	49	0.833	-891.730
35	50	0.833	-891.600
35	51	0.833	-892.404
35	52	0.833	-891.811
35	53	0.833	-895.605
35	54	0.833	-891.363
35	55	0.833	-892.798
35	56	0.833	-891.346
35	57	0.833	-890.323
35	58	0.833	-888.566
35	59	0.833	-891.695
35	60	0.833	-891.860
35	61	0.833	-891.187
35	62	0.833	-888.756
35	63	0.833	-870.000
35	64	0.833	-886.472
## SDC3-Y2
#
36	1	0.833	-890.308
36	2	0.833	-870.000
36	3	0.833	-893.693
36	4	0.833	-893.318
36	5	0.833	-890.046
36	6	0.833	-890.646
36	7	0.833	-887.617
36	8	0.833	-892.835
36	9	0.833	-891.316
36	10	0.833	-889.468
36	11	0.833	-892.532
36	12	0.833	-892.467
36	13	0.833	-889.141
36	14	0.833	-892.204
36	15	0.833	-890.144
36	16	0.833	-894.153
36	17	0.833	-887.398
36	18	0.833	-891.379
36	19	0.833	-887.117
36	20	0.833	-890.785
36	21	0.833	-892.064
36	22	0.833	-890.360
36	23	0.833	-890.336
36	24	0.833	-889.313
36	25	0.833	-887.197
36	26	0.833	-886.473
36	27	0.833	-886.732
36	28	0.833	-883.054
36	29	0.833	-884.247
36	30	0.833	-870.000
36	31	0.833	-890.308
36	32	0.833	-890.308
36	33	0.833	-890.308
36	34	0.833	-890.308
36	35	0.833	-875.181
36	36	0.833	-889.168
36	37	0.833	-892.015
36	38	0.833	-891.831
36	39	0.833	-892.677
36	40	0.833	-892.505
36	41	0.833	-891.272
36	42	0.833	-891.905
36	43	0.833	-892.454
36	44	0.833	-893.219
36	45	0.833	-893.285
36	46	0.833	-894.026
36	47	0.833	-892.725
36	48	0.833	-894.649
36	49	0.833	-892.638
36	50	0.833	-892.605
36	51	0.833	-889.818
36	52	0.833	-892.462
36	53	0.833	-888.859
36	54	0.833	-891.159
36	55	0.833	-892.902
36	56	0.833	-893.672
36	57	0.833	-890.567
36	58	0.833	-894.071
36	59	0.833	-890.544
36	60	0.833	-894.009
36	61	0.833	-895.003
36	62	0.833	-890.647
36	63	0.833	-914.153
36	64	0.833	-890.308
### SDC3-X1
#
37	1	0.833	-893.665
37	2	0.833	-893.665
37	3	0.833	-893.665
37	4	0.833	-893.665
37	5	0.833	-893.665
37	6	0.833	-893.665
37	7	0.833	-893.665
37	8	0.833	-893.665
37	9	0.833	-893.665
37	10	0.833	-893.665
37	11	0.833	-893.665
37	12	0.833	-893.665
37	13	0.833	-870.000
37	14	0.833	-870.000
37	15	0.833	-884.574
37	16	0.833	-888.554
37	17	0.833	-889.460
37	18	0.833	-889.608
37	19	0.833	-895.522
37	20	0.833	-894.923
37	21	0.833	-895.709
37	22	0.833	-891.432
37	23	0.833	-891.914
37	24	0.833	-893.709
37	25	0.833	-893.740
37	26	0.833	-893.721
37	27	0.833	-894.537
37	28	0.833	-890.110
37	29	0.833	-891.756
37	30	0.833	-890.828
37	31	0.833	-894.103
37	32	0.833	-894.458
37	33	0.833	-894.453
37	34	0.833	-892.480
37	35	0.833	-891.486
37	36	0.833	-894.038
37	37	0.833	-894.127
37	38	0.833	-894.726
37	39	0.833	-895.174
37	40	0.833	-893.199
37	41	0.833	-891.751
37	42	0.833	-893.047
37	43	0.833	-891.691
37	44	0.833	-870.000
37	45	0.833	-893.665
37	46	0.833	-893.665
37	47	0.833	-893.665
37	48	0.833	-893.665
37	49	0.833	-893.665
37	50	0.833	-893.665
37	51	0.833	-893.665
37	52	0.833	-893.665
37	53	0.833	-893.665
37	54	0.833	-876.086
37	55	0.833	-892.911
37	56	0.833	-893.893
37	57	0.833	-896.319
37	58	0.833	-895.102
37	59	0.833	-896.378
37	60	0.833	-895.545
37	61	0.833	-893.193
37	62	0.833	-896.822
37	63	0.833	-894.308
37	64	0.833	-896.427
37	65	0.833	-891.609
37	66	0.833	-890.006
37	67	0.833	-893.650
37	68	0.833	-893.579
37	69	0.833	-891.996
37	70	0.833	-890.741
37	71	0.833	-891.785
37	72	0.833	-891.881
37	73	0.833	-889.080
37	74	0.833	-888.030
37	75	0.833	-892.041
37	76	0.833	-884.625
37	77	0.833	-880.250
37	78	0.833	-888.999
37	79	0.833	-880.653
37	80	0.833	-893.665
37	81	0.833	-893.665
37	82	0.833	-870.000
37	83	0.833	-893.665
37	84	0.833	-893.665
37	85	0.833	-893.665
37	86	0.833	-893.665
37	87	0.833	-893.665
37	88	0.833	-893.665
37	89	0.833	-893.665
37	90	0.833	-893.665
37	91	0.833	-893.665
37	92	0.833	-893.665
37	93	0.833	-893.665
37	94	0.833	-893.665
37	95	0.833	-893.665
37	96	0.833	-893.665
### SDC3-X2
#
38	1	0.833	-889.248
38	2	0.833	-889.248
38	3	0.833	-889.248
38	4	0.833	-889.248
38	5	0.833	-870.000
38	6	0.833	-889.248
38	7	0.833	-889.248
38	8	0.833	-889.248
38	9	0.833	-889.248
38	10	0.833	-903.985
38	11	0.833	-889.248
38	12	0.833	-897.864
38	13	0.833	-889.248
38	14	0.833	-870.000
38	15	0.833	-880.629
38	16	0.833	-881.123
38	17	0.833	-884.133
38	18	0.833	-888.563
38	19	0.833	-889.248
38	20	0.833	-888.786
38	21	0.833	-888.277
38	22	0.833	-889.883
38	23	0.833	-888.638
38	24	0.833	-889.274
38	25	0.833	-887.272
38	26	0.833	-889.198
38	27	0.833	-889.711
38	28	0.833	-883.913
38	29	0.833	-887.681
38	30	0.833	-885.686
38	31	0.833	-886.416
38	32	0.833	-888.458
38	33	0.833	-890.585
38	34	0.833	-887.323
38	35	0.833	-885.467
38	36	0.833	-887.914
38	37	0.833	-888.309
38	38	0.833	-887.459
38	39	0.833	-887.768
38	40	0.833	-889.530
38	41	0.833	-888.951
38	42	0.833	-889.073
38	43	0.833	-883.821
38	44	0.833	-870.000
38	45	0.833	-889.248
38	46	0.833	-889.248
38	47	0.833	-889.248
38	48	0.833	-889.248
38	49	0.833	-889.248
38	50	0.833	-889.248
38	51	0.833	-889.248
38	52	0.833	-889.248
38	53	0.833	-889.248
38	54	0.833	-889.248
38	55	0.833	-881.529
38	56	0.833	-892.127
38	57	0.833	-891.477
38	58	0.833	-889.781
38	59	0.833	-890.834
38	60	0.833	-890.162
38	61	0.833	-890.830
38	62	0.833	-891.240
38	63	0.833	-887.508
38	64	0.833	-892.635
38	65	0.833	-886.343
38	66	0.833	-885.177
38	67	0.833	-884.511
38	68	0.833	-889.518
38	69	0.833	-886.150
38	70	0.833	-885.391
38	71	0.833	-886.784
38	72	0.833	-884.117
38	73	0.833	-885.207
38	74	0.833	-887.815
38	75	0.833	-884.299
38	76	0.833	-887.195
38	77	0.833	-887.318
38	78	0.833	-879.287
38	79	0.833	-882.929
38	80	0.833	-889.248
38	81	0.833	-889.248
38	82	0.833	-889.248
38	83	0.833	-889.248
38	84	0.833	-889.248
38	85	0.833	-889.248
38	86	0.833	-889.248
38	87	0.833	-889.248
38	88	0.833	-889.248
38	89	0.833	-889.248
38	90	0.833	-889.248
38	91	0.833	-889.248
38	92	0.833	-889.248
38	93	0.833	-889.248
38	94	0.833	-889.248
38	95	0.833	-889.248
38	96	0.833	-889.248
