##
#  file: DCTdcCalib_0
#  date: 2017.01.18
#  note: first version
#
#
#######################################################################
# Id	WireId	p1	p0
#
### BC3-X1
113	1	0.833	-867.970
113	2	0.833	-867.970
113	3	0.833	-867.970
113	4	0.833	-867.970
113	5	0.833	-867.970
113	6	0.833	-867.970
113	7	0.833	-867.970
113	8	0.833	-867.970
113	9	0.833	-867.970
113	10	0.833	-867.970
113	11	0.833	-867.970
113	12	0.833	-867.970
113	13	0.833	-867.970
113	14	0.833	-867.970
113	15	0.833	-867.970
113	16	0.833	-867.970
113	17	0.833	-867.970
113	18	0.833	-867.970
113	19	0.833	-867.970
113	20	0.833	-867.970
113	21	0.833	-867.970
113	22	0.833	-871.486
113	23	0.833	-868.860
113	24	0.833	-868.137
113	25	0.833	-866.574
113	26	0.833	-868.118
113	27	0.833	-867.359
113	28	0.833	-867.453
113	29	0.833	-866.313
113	30	0.833	-868.203
113	31	0.833	-865.970
113	32	0.833	-867.165
113	33	0.833	-869.374
113	34	0.833	-869.245
113	35	0.833	-868.785
113	36	0.833	-869.065
113	37	0.833	-868.090
113	38	0.833	-868.599
113	39	0.833	-868.093
113	40	0.833	-868.457
113	41	0.833	-867.808
113	42	0.833	-868.967
113	43	0.833	-867.448
113	44	0.833	-868.706
113	45	0.833	-868.078
113	46	0.833	-866.854
113	47	0.833	-868.465
113	48	0.833	-866.697
113	49	0.833	-866.073
113	50	0.833	-866.411
113	51	0.833	-865.359
113	52	0.833	-866.862
113	53	0.833	-864.237
113	54	0.833	-865.820
113	55	0.833	-867.970
113	56	0.833	-867.970
113	57	0.833	-867.970
113	58	0.833	-867.970
113	59	0.833	-867.970
113	60	0.833	-867.970
113	61	0.833	-867.970
113	62	0.833	-867.970
113	63	0.833	-867.970
113	64	0.833	-867.970
#
### BC3-X2
#
114	1	0.833	-864.767
114	2	0.833	-864.767
114	3	0.833	-864.767
114	4	0.833	-864.767
114	5	0.833	-864.767
114	6	0.833	-864.767
114	7	0.833	-864.767
114	8	0.833	-864.767
114	9	0.833	-864.767
114	10	0.833	-864.767
114	11	0.833	-864.767
114	12	0.833	-864.767
114	13	0.833	-864.767
114	14	0.833	-864.767
114	15	0.833	-864.767
114	16	0.833	-864.767
114	17	0.833	-864.767
114	18	0.833	-864.767
114	19	0.833	-864.767
114	20	0.833	-864.767
114	21	0.833	-864.767
114	22	0.833	-868.630
114	23	0.833	-864.767
114	24	0.833	-865.554
114	25	0.833	-863.704
114	26	0.833	-863.577
114	27	0.833	-864.924
114	28	0.833	-864.637
114	29	0.833	-864.291
114	30	0.833	-863.446
114	31	0.833	-863.976
114	32	0.833	-863.292
114	33	0.833	-865.964
114	34	0.833	-864.839
114	35	0.833	-866.465
114	36	0.833	-865.502
114	37	0.833	-866.580
114	38	0.833	-865.752
114	39	0.833	-865.818
114	40	0.833	-866.423
114	41	0.833	-865.133
114	42	0.833	-865.150
114	43	0.833	-867.578
114	44	0.833	-866.643
114	45	0.833	-866.316
114	46	0.833	-865.830
114	47	0.833	-864.387
114	48	0.833	-864.487
114	49	0.833	-867.422
114	50	0.833	-866.544
114	51	0.833	-862.489
114	52	0.833	-866.667
114	53	0.833	-860.884
114	54	0.833	-864.767
114	55	0.833	-864.767
114	56	0.833	-864.767
114	57	0.833	-864.767
114	58	0.833	-864.767
114	59	0.833	-864.767
114	60	0.833	-864.767
114	61	0.833	-864.767
114	62	0.833	-864.767
114	63	0.833	-864.767
114	64	0.833	-864.767
### BC3-U1
#
115	1	0.833	-865.255
115	2	0.833	-867.676
115	3	0.833	-865.255
115	4	0.833	-865.255
115	5	0.833	-869.663
115	6	0.833	-869.511
115	7	0.833	-865.255
115	8	0.833	-865.255
115	9	0.833	-865.255
115	10	0.833	-865.255
115	11	0.833	-865.255
115	12	0.833	-865.255
115	13	0.833	-865.255
115	14	0.833	-866.600
115	15	0.833	-865.255
115	16	0.833	-865.255
115	17	0.833	-865.255
115	18	0.833	-865.255
115	19	0.833	-865.255
115	20	0.833	-865.255
115	21	0.833	-865.255
115	22	0.833	-865.255
115	23	0.833	-863.320
115	24	0.833	-866.045
115	25	0.833	-865.690
115	26	0.833	-864.802
115	27	0.833	-864.060
115	28	0.833	-863.400
115	29	0.833	-863.422
115	30	0.833	-863.975
115	31	0.833	-862.638
115	32	0.833	-863.288
115	33	0.833	-867.341
115	34	0.833	-867.710
115	35	0.833	-867.942
115	36	0.833	-867.620
115	37	0.833	-867.256
115	38	0.833	-866.472
115	39	0.833	-867.401
115	40	0.833	-866.605
115	41	0.833	-866.977
115	42	0.833	-869.325
115	43	0.833	-868.245
115	44	0.833	-867.371
115	45	0.833	-866.943
115	46	0.833	-866.934
115	47	0.833	-866.721
115	48	0.833	-866.725
115	49	0.833	-867.015
115	50	0.833	-865.839
115	51	0.833	-861.112
115	52	0.833	-866.333
115	53	0.833	-863.593
115	54	0.833	-865.255
115	55	0.833	-865.255
115	56	0.833	-865.255
115	57	0.833	-865.255
115	58	0.833	-865.255
115	59	0.833	-865.255
115	60	0.833	-865.255
115	61	0.833	-865.255
115	62	0.833	-865.255
115	63	0.833	-865.255
115	64	0.833	-865.255
### BC3-U2
#
116	1	0.833	-863.557
116	2	0.833	-863.557
116	3	0.833	-863.557
116	4	0.833	-863.557
116	5	0.833	-863.557
116	6	0.833	-863.557
116	7	0.833	-863.557
116	8	0.833	-863.557
116	9	0.833	-863.557
116	10	0.833	-863.557
116	11	0.833	-863.557
116	12	0.833	-863.557
116	13	0.833	-863.557
116	14	0.833	-863.557
116	15	0.833	-863.557
116	16	0.833	-863.557
116	17	0.833	-863.557
116	18	0.833	-863.557
116	19	0.833	-863.557
116	20	0.833	-863.557
116	21	0.833	-863.557
116	22	0.833	-863.557
116	23	0.833	-863.188
116	24	0.833	-863.146
116	25	0.833	-862.726
116	26	0.833	-863.328
116	27	0.833	-862.712
116	28	0.833	-863.491
116	29	0.833	-862.653
116	30	0.833	-861.607
116	31	0.833	-862.893
116	32	0.833	-862.620
116	33	0.833	-864.830
116	34	0.833	-863.975
116	35	0.833	-866.085
116	36	0.833	-865.013
116	37	0.833	-864.913
116	38	0.833	-865.146
116	39	0.833	-865.734
116	40	0.833	-864.926
116	41	0.833	-865.045
116	42	0.833	-864.126
116	43	0.833	-862.724
116	44	0.833	-866.687
116	45	0.833	-863.883
116	46	0.833	-862.432
116	47	0.833	-866.658
116	48	0.833	-863.144
116	49	0.833	-862.937
116	50	0.833	-866.573
116	51	0.833	-863.736
116	52	0.833	-865.690
116	53	0.833	-863.557
116	54	0.833	-863.557
116	55	0.833	-863.557
116	56	0.833	-863.557
116	57	0.833	-863.557
116	58	0.833	-863.557
116	59	0.833	-863.557
116	60	0.833	-863.557
116	61	0.833	-863.557
116	62	0.833	-863.557
116	63	0.833	-863.557
116	64	0.833	-863.557
### BC3-V1
#
117	1	0.833	-867.500
117	2	0.833	-867.503
117	3	0.833	-867.503
117	4	0.833	-867.503
117	5	0.833	-867.503
117	6	0.833	-867.503
117	7	0.833	-867.503
117	8	0.833	-867.503
117	9	0.833	-867.503
117	10	0.833	-867.503
117	11	0.833	-867.503
117	12	0.833	-867.503
117	13	0.833	-867.503
117	14	0.833	-867.503
117	15	0.833	-867.503
117	16	0.833	-867.503
117	17	0.833	-867.503
117	18	0.833	-867.503
117	19	0.833	-867.503
117	20	0.833	-867.503
117	21	0.833	-867.503
117	22	0.833	-867.503
117	23	0.833	-867.503
117	24	0.833	-865.933
117	25	0.833	-865.728
117	26	0.833	-866.895
117	27	0.833	-865.798
117	28	0.833	-866.647
117	29	0.833	-865.414
117	30	0.833	-866.812
117	31	0.833	-865.078
117	32	0.833	-866.294
117	33	0.833	-868.792
117	34	0.833	-868.829
117	35	0.833	-869.638
117	36	0.833	-868.930
117	37	0.833	-869.437
117	38	0.833	-869.526
117	39	0.833	-868.823
117	40	0.833	-868.781
117	41	0.833	-869.680
117	42	0.833	-869.896
117	43	0.833	-870.589
117	44	0.833	-868.884
117	45	0.833	-869.418
117	46	0.833	-869.461
117	47	0.833	-868.198
117	48	0.833	-867.853
117	49	0.833	-869.000
117	50	0.833	-868.058
117	51	0.833	-868.800
117	52	0.833	-865.647
117	53	0.833	-867.503
117	54	0.833	-867.503
117	55	0.833	-867.503
117	56	0.833	-867.503
117	57	0.833	-867.503
117	58	0.833	-867.503
117	59	0.833	-867.503
117	60	0.833	-867.503
117	61	0.833	-867.503
117	62	0.833	-867.503
117	63	0.833	-867.503
117	64	0.833	-867.503
### BC3-V2
#
118	1	0.833	-861.926
118	2	0.833	-861.926
118	3	0.833	-861.926
118	4	0.833	-861.926
118	5	0.833	-861.926
118	6	0.833	-861.926
118	7	0.833	-861.926
118	8	0.833	-861.926
118	9	0.833	-861.926
118	10	0.833	-861.926
118	11	0.833	-861.926
118	12	0.833	-861.926
118	13	0.833	-861.926
118	14	0.833	-861.926
118	15	0.833	-861.926
118	16	0.833	-861.926
118	17	0.833	-861.926
118	18	0.833	-861.926
118	19	0.833	-861.926
118	20	0.833	-861.926
118	21	0.833	-861.926
118	22	0.833	-861.926
118	23	0.833	-861.926
118	24	0.833	-861.926
118	25	0.833	-861.548
118	26	0.833	-861.656
118	27	0.833	-860.569
118	28	0.833	-860.934
118	29	0.833	-859.110
118	30	0.833	-859.783
118	31	0.833	-860.308
118	32	0.833	-860.729
118	33	0.833	-862.922
118	34	0.833	-862.755
118	35	0.833	-863.429
118	36	0.833	-862.856
118	37	0.833	-863.647
118	38	0.833	-863.637
118	39	0.833	-863.269
118	40	0.833	-863.031
118	41	0.833	-861.556
118	42	0.833	-863.747
118	43	0.833	-864.194
118	44	0.833	-864.025
118	45	0.833	-864.042
118	46	0.833	-864.474
118	47	0.833	-860.140
118	48	0.833	-863.108
118	49	0.833	-864.407
118	50	0.833	-864.680
118	51	0.833	-862.112
118	52	0.833	-863.045
118	53	0.833	-862.382
118	54	0.833	-861.126
118	55	0.833	-861.926
118	56	0.833	-861.926
118	57	0.833	-861.926
118	58	0.833	-861.926
118	59	0.833	-861.926
118	60	0.833	-861.926
118	61	0.833	-861.926
118	62	0.833	-861.926
118	63	0.833	-861.926
118	64	0.833	-861.926
### BC4-U1
#
119	1	0.833	-865.173
119	2	0.833	-865.173
119	3	0.833	-865.173
119	4	0.833	-865.173
119	5	0.833	-865.173
119	6	0.833	-865.173
119	7	0.833	-865.173
119	8	0.833	-865.173
119	9	0.833	-865.173
119	10	0.833	-865.173
119	11	0.833	-865.173
119	12	0.833	-865.173
119	13	0.833	-865.173
119	14	0.833	-865.173
119	15	0.833	-865.173
119	16	0.833	-865.173
119	17	0.833	-865.173
119	18	0.833	-865.173
119	19	0.833	-865.173
119	20	0.833	-865.173
119	21	0.833	-865.173
119	22	0.833	-865.173
119	23	0.833	-865.173
119	24	0.833	-865.173
119	25	0.833	-865.208
119	26	0.833	-867.702
119	27	0.833	-866.930
119	28	0.833	-866.717
119	29	0.833	-865.530
119	30	0.833	-865.380
119	31	0.833	-865.080
119	32	0.833	-865.087
119	33	0.833	-865.236
119	34	0.833	-864.414
119	35	0.833	-864.955
119	36	0.833	-865.125
119	37	0.833	-865.130
119	38	0.833	-864.750
119	39	0.833	-866.173
119	40	0.833	-864.605
119	41	0.833	-866.130
119	42	0.833	-865.657
119	43	0.833	-864.836
119	44	0.833	-865.174
119	45	0.833	-865.759
119	46	0.833	-864.865
119	47	0.833	-865.536
119	48	0.833	-863.348
119	49	0.833	-865.019
119	50	0.833	-864.112
119	51	0.833	-863.639
119	52	0.833	-865.173
119	53	0.833	-865.173
119	54	0.833	-865.173
119	55	0.833	-865.173
119	56	0.833	-865.173
119	57	0.833	-865.173
119	58	0.833	-865.173
119	59	0.833	-865.173
119	60	0.833	-865.173
119	61	0.833	-865.173
119	62	0.833	-865.173
119	63	0.833	-865.173
119	64	0.833	-865.173
### BC4-U2
#
120	1	0.833	-862.121
120	2	0.833	-862.121
120	3	0.833	-862.121
120	4	0.833	-862.121
120	5	0.833	-862.121
120	6	0.833	-862.121
120	7	0.833	-862.121
120	8	0.833	-862.121
120	9	0.833	-862.121
120	10	0.833	-862.121
120	11	0.833	-862.121
120	12	0.833	-862.121
120	13	0.833	-862.121
120	14	0.833	-862.121
120	15	0.833	-862.121
120	16	0.833	-862.121
120	17	0.833	-862.121
120	18	0.833	-862.121
120	19	0.833	-862.121
120	20	0.833	-862.121
120	21	0.833	-862.121
120	22	0.833	-862.121
120	23	0.833	-862.121
120	24	0.833	-862.121
120	25	0.833	-862.121
120	26	0.833	-864.225
120	27	0.833	-861.146
120	28	0.833	-862.403
120	29	0.833	-860.002
120	30	0.833	-860.822
120	31	0.833	-860.132
120	32	0.833	-860.876
120	33	0.833	-863.102
120	34	0.833	-861.446
120	35	0.833	-863.639
120	36	0.833	-862.363
120	37	0.833	-863.316
120	38	0.833	-862.945
120	39	0.833	-863.091
120	40	0.833	-863.295
120	41	0.833	-862.196
120	42	0.833	-863.159
120	43	0.833	-863.733
120	44	0.833	-863.481
120	45	0.833	-863.685
120	46	0.833	-865.226
120	47	0.833	-863.472
120	48	0.833	-864.225
120	49	0.833	-862.571
120	50	0.833	-862.384
120	51	0.833	-862.150
120	52	0.833	-858.264
120	53	0.833	-862.121
120	54	0.833	-862.121
120	55	0.833	-862.121
120	56	0.833	-862.121
120	57	0.833	-862.121
120	58	0.833	-862.121
120	59	0.833	-862.121
120	60	0.833	-862.121
120	61	0.833	-862.121
120	62	0.833	-862.121
120	63	0.833	-862.121
120	64	0.833	-862.121
### BC4-V1
#
121	1	0.833	-863.105
121	2	0.833	-863.105
121	3	0.833	-863.105
121	4	0.833	-863.105
121	5	0.833	-863.105
121	6	0.833	-863.105
121	7	0.833	-863.105
121	8	0.833	-863.105
121	9	0.833	-863.105
121	10	0.833	-863.105
121	11	0.833	-863.105
121	12	0.833	-863.105
121	13	0.833	-863.105
121	14	0.833	-863.105
121	15	0.833	-863.105
121	16	0.833	-863.105
121	17	0.833	-863.105
121	18	0.833	-863.105
121	19	0.833	-863.105
121	20	0.833	-863.105
121	21	0.833	-863.105
121	22	0.833	-863.105
121	23	0.833	-858.769
121	24	0.833	-863.105
121	25	0.833	-864.968
121	26	0.833	-864.475
121	27	0.833	-862.601
121	28	0.833	-863.572
121	29	0.833	-862.124
121	30	0.833	-863.408
121	31	0.833	-862.467
121	32	0.833	-862.888
121	33	0.833	-862.549
121	34	0.833	-862.807
121	35	0.833	-863.883
121	36	0.833	-864.179
121	37	0.833	-863.922
121	38	0.833	-863.096
121	39	0.833	-863.714
121	40	0.833	-863.105
121	41	0.833	-864.704
121	42	0.833	-863.606
121	43	0.833	-863.455
121	44	0.833	-864.657
121	45	0.833	-865.288
121	46	0.833	-865.251
121	47	0.833	-864.903
121	48	0.833	-860.473
121	49	0.833	-861.847
121	50	0.833	-863.891
121	51	0.833	-862.213
121	52	0.833	-862.382
121	53	0.833	-863.105
121	54	0.833	-863.105
121	55	0.833	-863.105
121	56	0.833	-863.105
121	57	0.833	-863.105
121	58	0.833	-863.105
121	59	0.833	-863.105
121	60	0.833	-863.105
121	61	0.833	-863.105
121	62	0.833	-863.105
121	63	0.833	-863.105
121	64	0.833	-863.105
### BC4-V2
#
122	1	0.833	-861.642
122	2	0.833	-861.642
122	3	0.833	-861.642
122	4	0.833	-861.642
122	5	0.833	-861.642
122	6	0.833	-861.642
122	7	0.833	-861.642
122	8	0.833	-861.642
122	9	0.833	-861.642
122	10	0.833	-861.642
122	11	0.833	-861.642
122	12	0.833	-861.642
122	13	0.833	-861.642
122	14	0.833	-861.642
122	15	0.833	-861.642
122	16	0.833	-861.642
122	17	0.833	-861.642
122	18	0.833	-861.642
122	19	0.833	-861.642
122	20	0.833	-861.642
122	21	0.833	-861.642
122	22	0.833	-861.642
122	23	0.833	-861.642
122	24	0.833	-861.642
122	25	0.833	-861.465
122	26	0.833	-861.360
122	27	0.833	-862.179
122	28	0.833	-862.223
122	29	0.833	-861.341
122	30	0.833	-861.098
122	31	0.833	-861.440
122	32	0.833	-860.954
122	33	0.833	-861.453
122	34	0.833	-860.961
122	35	0.833	-862.764
122	36	0.833	-861.619
122	37	0.833	-862.241
122	38	0.833	-862.434
122	39	0.833	-862.684
122	40	0.833	-861.794
122	41	0.833	-861.974
122	42	0.833	-862.545
122	43	0.833	-863.961
122	44	0.833	-863.527
122	45	0.833	-862.931
122	46	0.833	-861.465
122	47	0.833	-860.611
122	48	0.833	-860.921
122	49	0.833	-861.398
122	50	0.833	-862.438
122	51	0.833	-862.658
122	52	0.833	-865.227
122	53	0.833	-861.642
122	54	0.833	-861.642
122	55	0.833	-861.642
122	56	0.833	-861.642
122	57	0.833	-861.642
122	58	0.833	-861.642
122	59	0.833	-861.642
122	60	0.833	-861.642
122	61	0.833	-861.642
122	62	0.833	-861.642
122	63	0.833	-861.642
122	64	0.833	-861.642
### BC4-X1
#
123	1	0.833	-862.872
123	2	0.833	-862.872
123	3	0.833	-862.872
123	4	0.833	-862.872
123	5	0.833	-862.872
123	6	0.833	-862.872
123	7	0.833	-862.872
123	8	0.833	-862.872
123	9	0.833	-862.872
123	10	0.833	-862.872
123	11	0.833	-862.872
123	12	0.833	-862.872
123	13	0.833	-862.872
123	14	0.833	-862.872
123	15	0.833	-862.872
123	16	0.833	-862.872
123	17	0.833	-862.872
123	18	0.833	-862.872
123	19	0.833	-862.872
123	20	0.833	-862.872
123	21	0.833	-862.872
123	22	0.833	-862.872
123	23	0.833	-862.872
123	24	0.833	-862.872
123	25	0.833	-859.557
123	26	0.833	-864.360
123	27	0.833	-864.018
123	28	0.833	-863.066
123	29	0.833	-861.482
123	30	0.833	-863.412
123	31	0.833	-861.957
123	32	0.833	-862.797
123	33	0.833	-862.328
123	34	0.833	-862.345
123	35	0.833	-863.908
123	36	0.833	-863.742
123	37	0.833	-863.586
123	38	0.833	-862.398
123	39	0.833	-864.266
123	40	0.833	-860.965
123	41	0.833	-862.461
123	42	0.833	-864.668
123	43	0.833	-865.029
123	44	0.833	-865.523
123	45	0.833	-864.991
123	46	0.833	-865.271
123	47	0.833	-860.284
123	48	0.833	-861.579
123	49	0.833	-863.036
123	50	0.833	-860.727
123	51	0.833	-863.306
123	52	0.833	-858.870
123	53	0.833	-862.872
123	54	0.833	-862.872
123	55	0.833	-862.872
123	56	0.833	-862.872
123	57	0.833	-862.872
123	58	0.833	-862.872
123	59	0.833	-862.872
123	60	0.833	-862.872
123	61	0.833	-862.872
123	62	0.833	-862.872
123	63	0.833	-862.872
123	64	0.833	-862.872
### BC4-X2
#
124	1	0.833	-860.636
124	2	0.833	-861.507
124	3	0.833	-860.636
124	4	0.833	-860.636
124	5	0.833	-860.636
124	6	0.833	-860.636
124	7	0.833	-860.636
124	8	0.833	-860.636
124	9	0.833	-860.636
124	10	0.833	-860.636
124	11	0.833	-860.636
124	12	0.833	-860.636
124	13	0.833	-860.636
124	14	0.833	-860.636
124	15	0.833	-860.636
124	16	0.833	-860.636
124	17	0.833	-860.636
124	18	0.833	-860.636
124	19	0.833	-860.636
124	20	0.833	-860.636
124	21	0.833	-860.636
124	22	0.833	-860.636
124	23	0.833	-860.636
124	24	0.833	-860.636
124	25	0.833	-861.167
124	26	0.833	-861.311
124	27	0.833	-859.993
124	28	0.833	-860.922
124	29	0.833	-859.895
124	30	0.833	-858.273
124	31	0.833	-860.146
124	32	0.833	-859.134
124	33	0.833	-861.134
124	34	0.833	-862.185
124	35	0.833	-860.793
124	36	0.833	-861.498
124	37	0.833	-861.046
124	38	0.833	-861.184
124	39	0.833	-860.129
124	40	0.833	-860.354
124	41	0.833	-861.048
124	42	0.833	-860.487
124	43	0.833	-862.926
124	44	0.833	-863.097
124	45	0.833	-861.939
124	46	0.833	-862.636
124	47	0.833	-862.131
124	48	0.833	-860.160
124	49	0.833	-860.343
124	50	0.833	-860.636
124	51	0.833	-859.560
124	52	0.833	-860.339
124	53	0.833	-860.636
124	54	0.833	-860.636
124	55	0.833	-860.636
124	56	0.833	-860.636
124	57	0.833	-860.636
124	58	0.833	-860.636
124	59	0.833	-860.636
124	60	0.833	-860.636
124	61	0.833	-860.636
124	62	0.833	-860.636
124	63	0.833	-860.636
124	64	0.833	-860.636
### SDC1-V1
#
1	1	0.833	-849.895
1	2	0.833	-845.828
1	3	0.833	-847.110
1	4	0.833	-850.887
1	5	0.833	-850.964
1	6	0.833	-851.374
1	7	0.833	-851.243
1	8	0.833	-850.984
1	9	0.833	-851.921
1	10	0.833	-851.257
1	11	0.833	-851.435
1	12	0.833	-850.280
1	13	0.833	-850.417
1	14	0.833	-851.022
1	15	0.833	-850.882
1	16	0.833	-850.143
1	17	0.833	-850.398
1	18	0.833	-851.041
1	19	0.833	-850.913
1	20	0.833	-849.679
1	21	0.833	-853.922
1	22	0.833	-849.895
1	23	0.833	-853.737
1	24	0.833	-852.460
1	25	0.833	-853.609
1	26	0.833	-853.998
1	27	0.833	-852.942
1	28	0.833	-852.674
1	29	0.833	-853.426
1	30	0.833	-851.418
1	31	0.833	-853.777
1	32	0.833	-851.904
1	33	0.833	-848.753
1	34	0.833	-848.459
1	35	0.833	-848.204
1	36	0.833	-849.697
1	37	0.833	-851.282
1	38	0.833	-849.963
1	39	0.833	-850.742
1	40	0.833	-849.939
1	41	0.833	-851.409
1	42	0.833	-852.568
1	43	0.833	-850.619
1	44	0.833	-848.404
1	45	0.833	-848.213
1	46	0.833	-848.689
1	47	0.833	-848.622
1	48	0.833	-847.034
1	49	0.833	-851.696
1	50	0.833	-852.221
1	51	0.833	-850.591
1	52	0.833	-852.909
1	53	0.833	-852.692
1	54	0.833	-851.397
1	55	0.833	-854.084
1	56	0.833	-851.306
1	57	0.833	-851.096
1	58	0.833	-849.159
1	59	0.833	-852.411
1	60	0.833	-847.894
1	61	0.833	-846.533
1	62	0.833	-849.895
1	63	0.833	-849.895
1	64	0.833	-849.895
### SDC1-V2
#
2	1	0.833	-849.846
2	2	0.833	-846.061
2	3	0.833	-847.162
2	4	0.833	-848.335
2	5	0.833	-852.120
2	6	0.833	-851.402
2	7	0.833	-852.087
2	8	0.833	-851.777
2	9	0.833	-851.261
2	10	0.833	-850.436
2	11	0.833	-849.708
2	12	0.833	-850.824
2	13	0.833	-849.846
2	14	0.833	-849.729
2	15	0.833	-849.356
2	16	0.833	-849.851
2	17	0.833	-849.539
2	18	0.833	-851.338
2	19	0.833	-851.404
2	20	0.833	-850.670
2	21	0.833	-853.339
2	22	0.833	-853.500
2	23	0.833	-852.744
2	24	0.833	-854.806
2	25	0.833	-853.427
2	26	0.833	-854.424
2	27	0.833	-854.319
2	28	0.833	-853.741
2	29	0.833	-853.838
2	30	0.833	-854.253
2	31	0.833	-849.846
2	32	0.833	-852.815
2	33	0.833	-849.889
2	34	0.833	-848.710
2	35	0.833	-850.355
2	36	0.833	-849.512
2	37	0.833	-848.829
2	38	0.833	-850.894
2	39	0.833	-848.656
2	40	0.833	-851.431
2	41	0.833	-851.080
2	42	0.833	-852.281
2	43	0.833	-849.338
2	44	0.833	-847.303
2	45	0.833	-850.145
2	46	0.833	-849.220
2	47	0.833	-848.021
2	48	0.833	-847.491
2	49	0.833	-852.295
2	50	0.833	-851.357
2	51	0.833	-853.078
2	52	0.833	-851.903
2	53	0.833	-853.830
2	54	0.833	-851.118
2	55	0.833	-852.797
2	56	0.833	-850.920
2	57	0.833	-853.501
2	58	0.833	-849.823
2	59	0.833	-847.051
2	60	0.833	-848.029
2	61	0.833	-849.811
2	62	0.833	-849.846
2	63	0.833	-849.846
2	64	0.833	-852.108
### SDC1-X1
#
3	1	0.833	-845.807
3	2	0.833	-848.624
3	3	0.833	-847.781
3	4	0.833	-851.764
3	5	0.833	-852.448
3	6	0.833	-851.448
3	7	0.833	-850.148
3	8	0.833	-851.030
3	9	0.833	-850.727
3	10	0.833	-851.434
3	11	0.833	-850.726
3	12	0.833	-850.511
3	13	0.833	-850.936
3	14	0.833	-849.692
3	15	0.833	-848.538
3	16	0.833	-849.565
3	17	0.833	-851.488
3	18	0.833	-852.676
3	19	0.833	-851.820
3	20	0.833	-852.446
3	21	0.833	-852.524
3	22	0.833	-853.472
3	23	0.833	-853.602
3	24	0.833	-854.711
3	25	0.833	-853.813
3	26	0.833	-852.675
3	27	0.833	-853.901
3	28	0.833	-850.798
3	29	0.833	-853.357
3	30	0.833	-854.033
3	31	0.833	-853.594
3	32	0.833	-852.775
3	33	0.833	-851.806
3	34	0.833	-846.516
3	35	0.833	-851.652
3	36	0.833	-851.178
3	37	0.833	-852.451
3	38	0.833	-853.319
3	39	0.833	-853.481
3	40	0.833	-854.108
3	41	0.833	-852.786
3	42	0.833	-853.530
3	43	0.833	-852.244
3	44	0.833	-850.786
3	45	0.833	-852.522
3	46	0.833	-853.257
3	47	0.833	-850.158
3	48	0.833	-849.978
3	49	0.833	-848.901
3	50	0.833	-849.717
3	51	0.833	-849.759
3	52	0.833	-849.636
3	53	0.833	-850.081
3	54	0.833	-849.282
3	55	0.833	-848.437
3	56	0.833	-846.672
3	57	0.833	-849.865
3	58	0.833	-851.571
3	59	0.833	-849.841
3	60	0.833	-849.277
3	61	0.833	-850.798
3	62	0.833	-850.798
3	63	0.833	-850.798
3	64	0.833	-850.798
### SDC1-X2
#
4	1	0.833	-847.435
4	2	0.833	-851.076
4	3	0.833	-851.969
4	4	0.833	-851.846
4	5	0.833	-852.456
4	6	0.833	-850.412
4	7	0.833	-851.785
4	8	0.833	-850.697
4	9	0.833	-852.498
4	10	0.833	-851.288
4	11	0.833	-851.881
4	12	0.833	-850.827
4	13	0.833	-851.465
4	14	0.833	-851.399
4	15	0.833	-850.783
4	16	0.833	-849.867
4	17	0.833	-849.619
4	18	0.833	-851.311
4	19	0.833	-852.465
4	20	0.833	-852.892
4	21	0.833	-854.107
4	22	0.833	-853.907
4	23	0.833	-855.806
4	24	0.833	-854.606
4	25	0.833	-855.437
4	26	0.833	-854.998
4	27	0.833	-855.207
4	28	0.833	-854.894
4	29	0.833	-854.130
4	30	0.833	-854.180
4	31	0.833	-854.798
4	32	0.833	-854.210
4	33	0.833	-852.899
4	34	0.833	-852.145
4	35	0.833	-851.697
4	36	0.833	-852.128
4	37	0.833	-854.097
4	38	0.833	-852.168
4	39	0.833	-855.564
4	40	0.833	-852.913
4	41	0.833	-852.772
4	42	0.833	-852.321
4	43	0.833	-852.072
4	44	0.833	-850.664
4	45	0.833	-852.140
4	46	0.833	-851.616
4	47	0.833	-849.952
4	48	0.833	-850.476
4	49	0.833	-849.701
4	50	0.833	-848.544
4	51	0.833	-850.363
4	52	0.833	-848.116
4	53	0.833	-850.033
4	54	0.833	-849.303
4	55	0.833	-851.303
4	56	0.833	-849.697
4	57	0.833	-851.354
4	58	0.833	-852.010
4	59	0.833	-848.110
4	60	0.833	-851.076
4	61	0.833	-851.076
4	62	0.833	-851.076
4	63	0.833	-851.076
4	64	0.833	-851.076
### SDC1-U1
#
5	1	0.833	-849.131
5	2	0.833	-849.131
5	3	0.833	-849.131
5	4	0.833	-845.152
5	5	0.833	-846.851
5	6	0.833	-847.422
5	7	0.833	-849.303
5	8	0.833	-849.465
5	9	0.833	-849.350
5	10	0.833	-848.649
5	11	0.833	-847.585
5	12	0.833	-848.475
5	13	0.833	-846.795
5	14	0.833	-846.311
5	15	0.833	-846.691
5	16	0.833	-846.032
5	17	0.833	-852.060
5	18	0.833	-850.703
5	19	0.833	-851.092
5	20	0.833	-851.488
5	21	0.833	-853.508
5	22	0.833	-851.335
5	23	0.833	-852.730
5	24	0.833	-853.429
5	25	0.833	-849.131
5	26	0.833	-853.082
5	27	0.833	-852.158
5	28	0.833	-851.383
5	29	0.833	-853.915
5	30	0.833	-853.745
5	31	0.833	-849.131
5	32	0.833	-851.460
5	33	0.833	-853.388
5	34	0.833	-852.204
5	35	0.833	-852.934
5	36	0.833	-853.060
5	37	0.833	-849.131
5	38	0.833	-853.539
5	39	0.833	-849.131
5	40	0.833	-853.160
5	41	0.833	-849.131
5	42	0.833	-853.766
5	43	0.833	-852.526
5	44	0.833	-852.779
5	45	0.833	-852.076
5	46	0.833	-852.878
5	47	0.833	-851.331
5	48	0.833	-849.965
5	49	0.833	-854.111
5	50	0.833	-852.118
5	51	0.833	-851.135
5	52	0.833	-852.052
5	53	0.833	-849.131
5	54	0.833	-850.379
5	55	0.833	-849.131
5	56	0.833	-850.908
5	57	0.833	-851.525
5	58	0.833	-850.053
5	59	0.833	-851.206
5	60	0.833	-845.381
5	61	0.833	-848.000
5	62	0.833	-851.023
5	63	0.833	-849.131
5	64	0.833	-849.131
### SDC1-U2
#
6	1	0.833	-848.196
6	2	0.833	-848.196
6	3	0.833	-848.196
6	4	0.833	-844.533
6	5	0.833	-847.088
6	6	0.833	-848.644
6	7	0.833	-847.471
6	8	0.833	-847.766
6	9	0.833	-847.079
6	10	0.833	-847.624
6	11	0.833	-847.266
6	12	0.833	-848.667
6	13	0.833	-847.233
6	14	0.833	-846.765
6	15	0.833	-846.629
6	16	0.833	-845.618
6	17	0.833	-848.196
6	18	0.833	-850.752
6	19	0.833	-850.000
6	20	0.833	-851.418
6	21	0.833	-851.281
6	22	0.833	-852.308
6	23	0.833	-851.396
6	24	0.833	-851.535
6	25	0.833	-853.082
6	26	0.833	-848.196
6	27	0.833	-851.969
6	28	0.833	-848.196
6	29	0.833	-851.479
6	30	0.833	-851.190
6	31	0.833	-850.843
6	32	0.833	-850.606
6	33	0.833	-852.269
6	34	0.833	-852.083
6	35	0.833	-851.748
6	36	0.833	-851.742
6	37	0.833	-848.196
6	38	0.833	-852.779
6	39	0.833	-851.827
6	40	0.833	-852.884
6	41	0.833	-852.986
6	42	0.833	-852.821
6	43	0.833	-850.093
6	44	0.833	-851.888
6	45	0.833	-850.402
6	46	0.833	-851.347
6	47	0.833	-849.741
6	48	0.833	-849.070
6	49	0.833	-851.647
6	50	0.833	-851.658
6	51	0.833	-848.196
6	52	0.833	-852.302
6	53	0.833	-853.182
6	54	0.833	-850.849
6	55	0.833	-851.170
6	56	0.833	-850.734
6	57	0.833	-850.698
6	58	0.833	-851.409
6	59	0.833	-851.560
6	60	0.833	-851.932
6	61	0.833	-848.361
6	62	0.833	-848.196
6	63	0.833	-848.196
6	64	0.833	-848.135
### SDC2-X1
#
31	1	0.833	-880.000
31	2	0.833	-884.777
31	3	0.833	-886.225
31	4	0.833	-885.098
31	5	0.833	-891.403
31	6	0.833	-892.870
31	7	0.833	-894.710
31	8	0.833	-893.523
31	9	0.833	-895.115
31	10	0.833	-899.068
31	11	0.833	-899.052
31	12	0.833	-898.969
31	13	0.833	-899.774
31	14	0.833	-896.268
31	15	0.833	-896.806
31	16	0.833	-898.182
31	17	0.833	-895.793
31	18	0.833	-895.253
31	19	0.833	-895.210
31	20	0.833	-896.503
31	21	0.833	-896.845
31	22	0.833	-898.008
31	23	0.833	-898.653
31	24	0.833	-896.352
31	25	0.833	-899.505
31	26	0.833	-891.648
31	27	0.833	-893.721
31	28	0.833	-893.977
31	29	0.833	-891.335
31	30	0.833	-893.813
31	31	0.833	-892.431
31	32	0.833	-894.975
31	33	0.833	-898.193
31	34	0.833	-892.772
31	35	0.833	-897.038
31	36	0.833	-896.518
31	37	0.833	-896.171
31	38	0.833	-892.692
31	39	0.833	-894.093
31	40	0.833	-893.394
31	41	0.833	-893.256
31	42	0.833	-897.459
31	43	0.833	-896.999
31	44	0.833	-894.524
31	45	0.833	-897.371
31	46	0.833	-894.949
31	47	0.833	-896.019
31	48	0.833	-898.010
31	49	0.833	-898.845
31	50	0.833	-895.021
31	51	0.833	-896.465
31	52	0.833	-895.378
31	53	0.833	-880.430
31	54	0.833	-896.165
31	55	0.833	-896.165
31	56	0.833	-896.165
31	57	0.833	-896.165
31	58	0.833	-896.165
31	59	0.833	-896.165
31	60	0.833	-896.165
31	61	0.833	-896.165
31	62	0.833	-896.165
31	63	0.833	-896.165
31	64	0.833	-896.165
31	65	0.833	-880.000
31	66	0.833	-894.681
31	67	0.833	-897.224
31	68	0.833	-898.235
31	69	0.833	-899.996
31	70	0.833	-897.988
31	71	0.833	-898.932
31	72	0.833	-899.350
31	73	0.833	-899.857
31	74	0.833	-900.404
31	75	0.833	-898.669
31	76	0.833	-899.496
31	77	0.833	-898.142
31	78	0.833	-899.773
31	79	0.833	-899.288
31	80	0.833	-897.537
31	81	0.833	-896.750
31	82	0.833	-897.318
31	83	0.833	-895.552
31	84	0.833	-898.492
31	85	0.833	-898.880
31	86	0.833	-898.058
31	87	0.833	-897.380
31	88	0.833	-900.909
31	89	0.833	-895.101
31	90	0.833	-897.668
31	91	0.833	-897.619
31	92	0.833	-897.644
31	93	0.833	-899.521
31	94	0.833	-896.099
31	95	0.833	-898.763
31	96	0.833	-899.831
31	97	0.833	-897.982
31	98	0.833	-897.127
31	99	0.833	-896.940
31	100	0.833	-898.994
31	101	0.833	-900.175
31	102	0.833	-898.219
31	103	0.833	-896.410
31	104	0.833	-897.157
31	105	0.833	-899.841
31	106	0.833	-898.194
31	107	0.833	-899.792
31	108	0.833	-898.486
31	109	0.833	-897.410
31	110	0.833	-897.139
31	111	0.833	-899.052
31	112	0.833	-897.920
31	113	0.833	-897.245
31	114	0.833	-894.059
31	115	0.833	-897.365
31	116	0.833	-896.442
31	117	0.833	-895.369
31	118	0.833	-895.976
31	119	0.833	-896.626
31	120	0.833	-894.946
31	121	0.833	-896.459
31	122	0.833	-895.311
31	123	0.833	-894.283
31	124	0.833	-896.275
31	125	0.833	-895.595
31	126	0.833	-895.620
31	127	0.833	-880.000
31	128	0.833	-880.000
### SDC2-X2
#
32	1	0.833	-888.446
32	2	0.833	-884.264
32	3	0.833	-892.262
32	4	0.833	-892.798
32	5	0.833	-893.717
32	6	0.833	-892.123
32	7	0.833	-896.877
32	8	0.833	-897.414
32	9	0.833	-900.449
32	10	0.833	-901.259
32	11	0.833	-901.285
32	12	0.833	-901.078
32	13	0.833	-899.409
32	14	0.833	-898.990
32	15	0.833	-897.318
32	16	0.833	-899.765
32	17	0.833	-899.260
32	18	0.833	-900.377
32	19	0.833	-901.573
32	20	0.833	-898.648
32	21	0.833	-898.515
32	22	0.833	-898.083
32	23	0.833	-900.955
32	24	0.833	-897.475
32	25	0.833	-898.665
32	26	0.833	-897.570
32	27	0.833	-896.134
32	28	0.833	-898.095
32	29	0.833	-895.242
32	30	0.833	-897.574
32	31	0.833	-896.723
32	32	0.833	-899.014
32	33	0.833	-898.106
32	34	0.833	-898.533
32	35	0.833	-900.755
32	36	0.833	-899.161
32	37	0.833	-898.666
32	38	0.833	-896.552
32	39	0.833	-896.917
32	40	0.833	-895.029
32	41	0.833	-892.519
32	42	0.833	-898.751
32	43	0.833	-900.110
32	44	0.833	-899.443
32	45	0.833	-900.669
32	46	0.833	-899.685
32	47	0.833	-901.305
32	48	0.833	-901.153
32	49	0.833	-900.070
32	50	0.833	-897.759
32	51	0.833	-897.526
32	52	0.833	-893.556
32	53	0.833	-880.000
32	54	0.833	-899.499
32	55	0.833	-899.499
32	56	0.833	-899.499
32	57	0.833	-899.499
32	58	0.833	-899.499
32	59	0.833	-899.499
32	60	0.833	-899.499
32	61	0.833	-899.499
32	62	0.833	-899.499
32	63	0.833	-899.499
32	64	0.833	-899.499
32	65	0.833	-889.469
32	66	0.833	-900.403
32	67	0.833	-901.967
32	68	0.833	-903.873
32	69	0.833	-904.715
32	70	0.833	-903.876
32	71	0.833	-903.685
32	72	0.833	-904.065
32	73	0.833	-903.213
32	74	0.833	-904.020
32	75	0.833	-903.313
32	76	0.833	-905.208
32	77	0.833	-901.629
32	78	0.833	-900.902
32	79	0.833	-900.322
32	80	0.833	-902.174
32	81	0.833	-901.660
32	82	0.833	-902.499
32	83	0.833	-900.605
32	84	0.833	-902.981
32	85	0.833	-901.481
32	86	0.833	-902.916
32	87	0.833	-902.909
32	88	0.833	-902.736
32	89	0.833	-903.890
32	90	0.833	-902.325
32	91	0.833	-903.203
32	92	0.833	-901.643
32	93	0.833	-900.557
32	94	0.833	-900.790
32	95	0.833	-901.363
32	96	0.833	-901.746
32	97	0.833	-900.751
32	98	0.833	-901.119
32	99	0.833	-901.334
32	100	0.833	-903.702
32	101	0.833	-901.221
32	102	0.833	-902.364
32	103	0.833	-903.065
32	104	0.833	-902.709
32	105	0.833	-903.744
32	106	0.833	-904.002
32	107	0.833	-904.197
32	108	0.833	-902.309
32	109	0.833	-902.826
32	110	0.833	-903.777
32	111	0.833	-903.834
32	112	0.833	-902.077
32	113	0.833	-901.613
32	114	0.833	-904.483
32	115	0.833	-901.370
32	116	0.833	-895.605
32	117	0.833	-900.206
32	118	0.833	-897.112
32	119	0.833	-897.855
32	120	0.833	-897.792
32	121	0.833	-904.465
32	122	0.833	-899.793
32	123	0.833	-900.792
32	124	0.833	-901.446
32	125	0.833	-901.874
32	126	0.833	-893.074
32	127	0.833	-880.000
32	128	0.833	-880.000
### SDC2-Y1
#
33	1	0.833	-920.000
33	2	0.833	-880.000
33	3	0.833	-902.151
33	4	0.833	-892.567
33	5	0.833	-896.675
33	6	0.833	-896.881
33	7	0.833	-903.380
33	8	0.833	-900.349
33	9	0.833	-897.042
33	10	0.833	-896.561
33	11	0.833	-895.303
33	12	0.833	-898.850
33	13	0.833	-896.737
33	14	0.833	-899.088
33	15	0.833	-899.044
33	16	0.833	-900.248
33	17	0.833	-898.983
33	18	0.833	-900.878
33	19	0.833	-899.320
33	20	0.833	-900.765
33	21	0.833	-900.843
33	22	0.833	-901.140
33	23	0.833	-902.403
33	24	0.833	-900.188
33	25	0.833	-900.004
33	26	0.833	-901.608
33	27	0.833	-901.242
33	28	0.833	-900.842
33	29	0.833	-899.744
33	30	0.833	-901.872
33	31	0.833	-900.492
33	32	0.833	-900.565
33	33	0.833	-903.263
33	34	0.833	-901.962
33	35	0.833	-902.535
33	36	0.833	-900.562
33	37	0.833	-920.000
33	38	0.833	-900.552
33	39	0.833	-900.263
33	40	0.833	-901.249
33	41	0.833	-901.114
33	42	0.833	-900.784
33	43	0.833	-899.960
33	44	0.833	-896.827
33	45	0.833	-899.004
33	46	0.833	-900.841
33	47	0.833	-898.211
33	48	0.833	-896.959
33	49	0.833	-899.343
33	50	0.833	-899.314
33	51	0.833	-899.509
33	52	0.833	-900.543
33	53	0.833	-901.460
33	54	0.833	-901.631
33	55	0.833	-899.490
33	56	0.833	-900.575
33	57	0.833	-900.013
33	58	0.833	-901.178
33	59	0.833	-898.352
33	60	0.833	-899.113
33	61	0.833	-886.499
33	62	0.833	-899.610
33	63	0.833	-899.610
33	64	0.833	-899.610
33	65	0.833	-899.610
33	66	0.833	-899.610
33	67	0.833	-899.610
33	68	0.833	-880.000
33	69	0.833	-899.555
33	70	0.833	-901.435
33	71	0.833	-899.122
33	72	0.833	-902.738
33	73	0.833	-897.605
33	74	0.833	-899.536
33	75	0.833	-898.922
33	76	0.833	-898.792
33	77	0.833	-898.979
33	78	0.833	-900.293
33	79	0.833	-898.387
33	80	0.833	-899.593
33	81	0.833	-899.865
33	82	0.833	-902.284
33	83	0.833	-902.077
33	84	0.833	-901.841
33	85	0.833	-899.488
33	86	0.833	-902.394
33	87	0.833	-902.025
33	88	0.833	-901.169
33	89	0.833	-898.179
33	90	0.833	-897.366
33	91	0.833	-898.953
33	92	0.833	-900.377
33	93	0.833	-898.116
33	94	0.833	-900.727
33	95	0.833	-899.648
33	96	0.833	-898.490
33	97	0.833	-898.070
33	98	0.833	-898.224
33	99	0.833	-899.592
33	100	0.833	-899.904
33	101	0.833	-899.899
33	102	0.833	-900.903
33	103	0.833	-900.413
33	104	0.833	-899.876
33	105	0.833	-899.552
33	106	0.833	-900.056
33	107	0.833	-898.109
33	108	0.833	-900.249
33	109	0.833	-898.114
33	110	0.833	-900.668
33	111	0.833	-895.948
33	112	0.833	-899.360
33	113	0.833	-899.154
33	114	0.833	-898.144
33	115	0.833	-899.535
33	116	0.833	-900.073
33	117	0.833	-898.158
33	118	0.833	-897.653
33	119	0.833	-899.268
33	120	0.833	-898.304
33	121	0.833	-900.817
33	122	0.833	-896.514
33	123	0.833	-896.423
33	124	0.833	-898.717
33	125	0.833	-897.255
33	126	0.833	-889.742
33	127	0.833	-901.435
33	128	0.833	-900.465
### SDC2-Y2
#
34	1	0.833	-880.000
34	2	0.833	-893.068
34	3	0.833	-900.221
34	4	0.833	-895.510
34	5	0.833	-900.151
34	6	0.833	-895.819
34	7	0.833	-901.681
34	8	0.833	-898.752
34	9	0.833	-897.047
34	10	0.833	-897.803
34	11	0.833	-897.121
34	12	0.833	-897.157
34	13	0.833	-897.838
34	14	0.833	-900.688
34	15	0.833	-901.859
34	16	0.833	-899.298
34	17	0.833	-897.504
34	18	0.833	-901.838
34	19	0.833	-898.717
34	20	0.833	-901.605
34	21	0.833	-899.927
34	22	0.833	-899.696
34	23	0.833	-899.325
34	24	0.833	-901.223
34	25	0.833	-901.001
34	26	0.833	-899.712
34	27	0.833	-897.541
34	28	0.833	-900.118
34	29	0.833	-899.718
34	30	0.833	-900.388
34	31	0.833	-900.263
34	32	0.833	-901.787
34	33	0.833	-898.414
34	34	0.833	-897.211
34	35	0.833	-898.362
34	36	0.833	-899.801
34	37	0.833	-901.124
34	38	0.833	-897.640
34	39	0.833	-898.754
34	40	0.833	-899.028
34	41	0.833	-899.129
34	42	0.833	-899.104
34	43	0.833	-899.777
34	44	0.833	-899.321
34	45	0.833	-898.996
34	46	0.833	-899.364
34	47	0.833	-897.288
34	48	0.833	-898.505
34	49	0.833	-898.633
34	50	0.833	-901.041
34	51	0.833	-899.972
34	52	0.833	-898.894
34	53	0.833	-900.479
34	54	0.833	-899.307
34	55	0.833	-901.457
34	56	0.833	-902.211
34	57	0.833	-899.478
34	58	0.833	-895.979
34	59	0.833	-898.350
34	60	0.833	-896.986
34	61	0.833	-880.000
34	62	0.833	-898.186
34	63	0.833	-898.186
34	64	0.833	-898.186
34	65	0.833	-920.000
34	66	0.833	-898.186
34	67	0.833	-920.000
34	68	0.833	-883.524
34	69	0.833	-898.805
34	70	0.833	-898.834
34	71	0.833	-900.197
34	72	0.833	-899.362
34	73	0.833	-896.645
34	74	0.833	-897.150
34	75	0.833	-897.378
34	76	0.833	-897.239
34	77	0.833	-895.978
34	78	0.833	-896.591
34	79	0.833	-897.455
34	80	0.833	-897.250
34	81	0.833	-897.825
34	82	0.833	-897.087
34	83	0.833	-899.033
34	84	0.833	-899.248
34	85	0.833	-899.019
34	86	0.833	-898.791
34	87	0.833	-900.275
34	88	0.833	-899.528
34	89	0.833	-896.696
34	90	0.833	-896.391
34	91	0.833	-897.231
34	92	0.833	-899.406
34	93	0.833	-898.405
34	94	0.833	-898.296
34	95	0.833	-897.494
34	96	0.833	-898.325
34	97	0.833	-897.625
34	98	0.833	-898.618
34	99	0.833	-896.617
34	100	0.833	-898.127
34	101	0.833	-898.514
34	102	0.833	-900.640
34	103	0.833	-898.495
34	104	0.833	-898.823
34	105	0.833	-897.558
34	106	0.833	-897.857
34	107	0.833	-900.195
34	108	0.833	-899.362
34	109	0.833	-896.162
34	110	0.833	-896.226
34	111	0.833	-897.360
34	112	0.833	-898.944
34	113	0.833	-896.808
34	114	0.833	-893.295
34	115	0.833	-894.153
34	116	0.833	-891.500
34	117	0.833	-895.322
34	118	0.833	-896.615
34	119	0.833	-897.760
34	120	0.833	-896.797
34	121	0.833	-897.074
34	122	0.833	-895.976
34	123	0.833	-891.264
34	124	0.833	-894.767
34	125	0.833	-893.039
34	126	0.833	-880.000
34	127	0.833	-880.000
34	128	0.833	-880.000
### SDC3-Y1
#
35	1	0.833	-889.883
35	2	0.833	-882.194
35	3	0.833	-887.922
35	4	0.833	-889.971
35	5	0.833	-890.141
35	6	0.833	-888.805
35	7	0.833	-890.426
35	8	0.833	-889.053
35	9	0.833	-890.915
35	10	0.833	-890.794
35	11	0.833	-890.838
35	12	0.833	-892.986
35	13	0.833	-890.919
35	14	0.833	-889.227
35	15	0.833	-889.127
35	16	0.833	-892.325
35	17	0.833	-889.107
35	18	0.833	-887.343
35	19	0.833	-891.492
35	20	0.833	-889.037
35	21	0.833	-889.746
35	22	0.833	-892.108
35	23	0.833	-889.483
35	24	0.833	-888.046
35	25	0.833	-889.013
35	26	0.833	-886.927
35	27	0.833	-888.283
35	28	0.833	-888.711
35	29	0.833	-888.048
35	30	0.833	-870.000
35	31	0.833	-889.883
35	32	0.833	-889.883
35	33	0.833	-889.883
35	34	0.833	-870.000
35	35	0.833	-870.000
35	36	0.833	-889.332
35	37	0.833	-888.970
35	38	0.833	-890.019
35	39	0.833	-890.757
35	40	0.833	-891.887
35	41	0.833	-891.699
35	42	0.833	-891.301
35	43	0.833	-892.539
35	44	0.833	-892.661
35	45	0.833	-892.972
35	46	0.833	-890.140
35	47	0.833	-891.320
35	48	0.833	-893.332
35	49	0.833	-891.730
35	50	0.833	-891.600
35	51	0.833	-892.404
35	52	0.833	-891.811
35	53	0.833	-895.605
35	54	0.833	-891.363
35	55	0.833	-892.798
35	56	0.833	-891.346
35	57	0.833	-890.323
35	58	0.833	-888.566
35	59	0.833	-891.695
35	60	0.833	-891.860
35	61	0.833	-891.187
35	62	0.833	-888.756
35	63	0.833	-870.000
35	64	0.833	-886.472
## SDC3-Y2
#
36	1	0.833	-890.308
36	2	0.833	-870.000
36	3	0.833	-893.693
36	4	0.833	-893.318
36	5	0.833	-890.046
36	6	0.833	-890.646
36	7	0.833	-887.617
36	8	0.833	-892.835
36	9	0.833	-891.316
36	10	0.833	-889.468
36	11	0.833	-892.532
36	12	0.833	-892.467
36	13	0.833	-889.141
36	14	0.833	-892.204
36	15	0.833	-890.144
36	16	0.833	-894.153
36	17	0.833	-887.398
36	18	0.833	-891.379
36	19	0.833	-887.117
36	20	0.833	-890.785
36	21	0.833	-892.064
36	22	0.833	-890.360
36	23	0.833	-890.336
36	24	0.833	-889.313
36	25	0.833	-887.197
36	26	0.833	-886.473
36	27	0.833	-886.732
36	28	0.833	-883.054
36	29	0.833	-884.247
36	30	0.833	-870.000
36	31	0.833	-890.308
36	32	0.833	-890.308
36	33	0.833	-890.308
36	34	0.833	-890.308
36	35	0.833	-875.181
36	36	0.833	-889.168
36	37	0.833	-892.015
36	38	0.833	-891.831
36	39	0.833	-892.677
36	40	0.833	-892.505
36	41	0.833	-891.272
36	42	0.833	-891.905
36	43	0.833	-892.454
36	44	0.833	-893.219
36	45	0.833	-893.285
36	46	0.833	-894.026
36	47	0.833	-892.725
36	48	0.833	-894.649
36	49	0.833	-892.638
36	50	0.833	-892.605
36	51	0.833	-889.818
36	52	0.833	-892.462
36	53	0.833	-888.859
36	54	0.833	-891.159
36	55	0.833	-892.902
36	56	0.833	-893.672
36	57	0.833	-890.567
36	58	0.833	-894.071
36	59	0.833	-890.544
36	60	0.833	-894.009
36	61	0.833	-895.003
36	62	0.833	-890.647
36	63	0.833	-914.153
36	64	0.833	-890.308
### SDC3-X1
#
37	1	0.833	-893.665
37	2	0.833	-893.665
37	3	0.833	-893.665
37	4	0.833	-893.665
37	5	0.833	-893.665
37	6	0.833	-893.665
37	7	0.833	-893.665
37	8	0.833	-893.665
37	9	0.833	-893.665
37	10	0.833	-893.665
37	11	0.833	-893.665
37	12	0.833	-893.665
37	13	0.833	-870.000
37	14	0.833	-870.000
37	15	0.833	-884.574
37	16	0.833	-888.554
37	17	0.833	-889.460
37	18	0.833	-889.608
37	19	0.833	-895.522
37	20	0.833	-894.923
37	21	0.833	-895.709
37	22	0.833	-891.432
37	23	0.833	-891.914
37	24	0.833	-893.709
37	25	0.833	-893.740
37	26	0.833	-893.721
37	27	0.833	-894.537
37	28	0.833	-890.110
37	29	0.833	-891.756
37	30	0.833	-890.828
37	31	0.833	-894.103
37	32	0.833	-894.458
37	33	0.833	-894.453
37	34	0.833	-892.480
37	35	0.833	-891.486
37	36	0.833	-894.038
37	37	0.833	-894.127
37	38	0.833	-894.726
37	39	0.833	-895.174
37	40	0.833	-893.199
37	41	0.833	-891.751
37	42	0.833	-893.047
37	43	0.833	-891.691
37	44	0.833	-870.000
37	45	0.833	-893.665
37	46	0.833	-893.665
37	47	0.833	-893.665
37	48	0.833	-893.665
37	49	0.833	-893.665
37	50	0.833	-893.665
37	51	0.833	-893.665
37	52	0.833	-893.665
37	53	0.833	-893.665
37	54	0.833	-876.086
37	55	0.833	-892.911
37	56	0.833	-893.893
37	57	0.833	-896.319
37	58	0.833	-895.102
37	59	0.833	-896.378
37	60	0.833	-895.545
37	61	0.833	-893.193
37	62	0.833	-896.822
37	63	0.833	-894.308
37	64	0.833	-896.427
37	65	0.833	-891.609
37	66	0.833	-890.006
37	67	0.833	-893.650
37	68	0.833	-893.579
37	69	0.833	-891.996
37	70	0.833	-890.741
37	71	0.833	-891.785
37	72	0.833	-891.881
37	73	0.833	-889.080
37	74	0.833	-888.030
37	75	0.833	-892.041
37	76	0.833	-884.625
37	77	0.833	-880.250
37	78	0.833	-888.999
37	79	0.833	-880.653
37	80	0.833	-893.665
37	81	0.833	-893.665
37	82	0.833	-870.000
37	83	0.833	-893.665
37	84	0.833	-893.665
37	85	0.833	-893.665
37	86	0.833	-893.665
37	87	0.833	-893.665
37	88	0.833	-893.665
37	89	0.833	-893.665
37	90	0.833	-893.665
37	91	0.833	-893.665
37	92	0.833	-893.665
37	93	0.833	-893.665
37	94	0.833	-893.665
37	95	0.833	-893.665
37	96	0.833	-893.665
### SDC3-X2
#
38	1	0.833	-889.248
38	2	0.833	-889.248
38	3	0.833	-889.248
38	4	0.833	-889.248
38	5	0.833	-870.000
38	6	0.833	-889.248
38	7	0.833	-889.248
38	8	0.833	-889.248
38	9	0.833	-889.248
38	10	0.833	-903.985
38	11	0.833	-889.248
38	12	0.833	-897.864
38	13	0.833	-889.248
38	14	0.833	-870.000
38	15	0.833	-880.629
38	16	0.833	-881.123
38	17	0.833	-884.133
38	18	0.833	-888.563
38	19	0.833	-889.248
38	20	0.833	-888.786
38	21	0.833	-888.277
38	22	0.833	-889.883
38	23	0.833	-888.638
38	24	0.833	-889.274
38	25	0.833	-887.272
38	26	0.833	-889.198
38	27	0.833	-889.711
38	28	0.833	-883.913
38	29	0.833	-887.681
38	30	0.833	-885.686
38	31	0.833	-886.416
38	32	0.833	-888.458
38	33	0.833	-890.585
38	34	0.833	-887.323
38	35	0.833	-885.467
38	36	0.833	-887.914
38	37	0.833	-888.309
38	38	0.833	-887.459
38	39	0.833	-887.768
38	40	0.833	-889.530
38	41	0.833	-888.951
38	42	0.833	-889.073
38	43	0.833	-883.821
38	44	0.833	-870.000
38	45	0.833	-889.248
38	46	0.833	-889.248
38	47	0.833	-889.248
38	48	0.833	-889.248
38	49	0.833	-889.248
38	50	0.833	-889.248
38	51	0.833	-889.248
38	52	0.833	-889.248
38	53	0.833	-889.248
38	54	0.833	-889.248
38	55	0.833	-881.529
38	56	0.833	-892.127
38	57	0.833	-891.477
38	58	0.833	-889.781
38	59	0.833	-890.834
38	60	0.833	-890.162
38	61	0.833	-890.830
38	62	0.833	-891.240
38	63	0.833	-887.508
38	64	0.833	-892.635
38	65	0.833	-886.343
38	66	0.833	-885.177
38	67	0.833	-884.511
38	68	0.833	-889.518
38	69	0.833	-886.150
38	70	0.833	-885.391
38	71	0.833	-886.784
38	72	0.833	-884.117
38	73	0.833	-885.207
38	74	0.833	-887.815
38	75	0.833	-884.299
38	76	0.833	-887.195
38	77	0.833	-887.318
38	78	0.833	-879.287
38	79	0.833	-882.929
38	80	0.833	-889.248
38	81	0.833	-889.248
38	82	0.833	-889.248
38	83	0.833	-889.248
38	84	0.833	-889.248
38	85	0.833	-889.248
38	86	0.833	-889.248
38	87	0.833	-889.248
38	88	0.833	-889.248
38	89	0.833	-889.248
38	90	0.833	-889.248
38	91	0.833	-889.248
38	92	0.833	-889.248
38	93	0.833	-889.248
38	94	0.833	-889.248
38	95	0.833	-889.248
38	96	0.833	-889.248
